10100000000000000000000000011000
10100000000000000000000000011000
10100000000000000000000000011000
10100000000000000000000000011000
10100000000000000000000000011000
10100000000000000000000000011000
10100000000000000000000000011000
10100000000000000011110011011000
10100000000000000000000000011000
10100000000000000000000000011000
10100000000000000000000000011000
10100000000000000101100111111000
10100000000000000000000000011000
10100000000000000000000000011000
10100000000000000000000000011000
10100000000000000111011101111000
10100000000000000000000000011000
10100000000000000000000000011000
10100000000000000000000000011000
10100000000000001001010100011000
10100000000000000000000000011000
10100000000000000000000000011000
10100000000000000000000000011000
10100000000000001011001011111000
10100000000000000000000000011000
10100000000000000000000000011000
10100000000000000000000000011000
10100000000000001101000100011000
10100000000000000000000000011000
10100000000000000000000000011000
10100000000000000000000000011000
10100000000000001110111101011000
10100000000000000000000000011000
10100000000000000000000000011000
10100000000000000000000000011000
10100000000000010000110111011000
10100000000000000000000000011000
10100000000000000000000000011000
10100000000000000000000000011000
10100000000000010010110001111000
10100000000000000000000000011000
10100000000000000000000000011000
10100000000000000000000000011000
10100000000000010100101100111000
10100000000000000000000000011000
10100000000000000000000000011000
10100000000000000000000000011000
10100000000000010110101000011000
10100000000000000000000000011000
10100000000000000000000000011000
10100000000000000000000000011000
10100000000000011000100100011000
10100000000000000000000000011000
10100000000000000000000000011000
10100000000000000000000000011000
10100000000000011010100000111000
10100000000000000000000000011000
10100000000000000000000000011000
10100000000000000000000000011000
10100000000000011100011101111000
10100000000000000000000000011000
10100000000000000000000000011000
10100000000000000000000000011000
10100000000000011110011010111000
10100000000000000000000000011000
10100000000000000000000000011000
10100000000000000000000000011000
10100000000000100000010111111000
10100000000000000000000000011000
10100000000000000000000000011000
10100000000000000000000000011000
10100000000000100010010101111000
10100000000000000000000000011000
10100000000000000000000000011000
10100000000000000000000000011000
10100000000000100100010011011000
10100000000000000000000000011000
10100000000000000000000000011000
10100000000000000000000000011000
10100000000000100110010001111000
10100000000000000000000000011000
10100000000000000000000000011000
10100000000000000000000000011000
10100000000000101000001111111000
10100000000000000000000000011000
10100000000000000000000000011000
10100000000000000000000000011000
10100000000000101010001110011000
10100000000000000000000000011000
10100000000000000000000000011000
10100000000000000000000000011000
10100000000000101100001100111000
10100000000000000000000000011000
10100000000000000000000000011000
10100000000000000000000000011000
10100000000000101110001011111000
10100000000000000000000000011000
10100000000000000000000000011000
10100000000000000000000000011000
10100000000000110000001010011000
10100000000000000000000000011000
10100000000000000000000000011000
10100000000000000000000000011000
10100000000000110010001001011000
10100000000000000000000000011000
10100000000000000000000000011000
10100000000000000000000000011000
10100000000000110100001000111000
10100000000000000000000000011000
10100000000000000000000000011000
10100000000000000000000000011000
10100000000000110110000111111000
10100000000000000000000000011000
10100000000000000000000000011000
10100000000000000000000000011000
10100000000000111000000110111000
10100000000000000000000000011000
10100000000000000000000000011000
10100000000000000000000000011000
10100000000000111010000110011000
10100000000000000000000000011000
10100000000000000000000000011000
10100000000000000000000000011000
10100000000000111100000101111000
10100000000000000000000000011000
10100000000000000000000000011000
10100000000000000000000000011000
10100000000000111110000101011000
