10100000000000000000000000000001
10100000000000000000000000000001
10100000000000000000000000000001
10100000000000000000000000000001
10100000000000000000000000000001
10100000000000000000000000000001
10100000000000000000000000000001
10100000000000000011110011000001
10100000000000000000000000000001
10100000000000000000000000000001
10100000000000000000000000000001
10100000000000000101100111100001
10100000000000000000000000000001
10100000000000000000000000000001
10100000000000000000000000000001
10100000000000000111011101100001
10100000000000000000000000000001
10100000000000000000000000000001
10100000000000000000000000000001
10100000000000001001010100000001
10100000000000000000000000000001
10100000000000000000000000000001
10100000000000000000000000000001
10100000000000001011001011100001
10100000000000000000000000000001
10100000000000000000000000000001
10100000000000000000000000000001
10100000000000001101000100000001
10100000000000000000000000000001
10100000000000000000000000000001
10100000000000000000000000000001
10100000000000001110111101000001
10100000000000000000000000000001
10100000000000000000000000000001
10100000000000000000000000000001
10100000000000010000110111000001
10100000000000000000000000000001
10100000000000000000000000000001
10100000000000000000000000000001
10100000000000010010110001100001
10100000000000000000000000000001
10100000000000000000000000000001
10100000000000000000000000000001
10100000000000010100101100100001
10100000000000000000000000000001
10100000000000000000000000000001
10100000000000000000000000000001
10100000000000010110101000000001
10100000000000000000000000000001
10100000000000000000000000000001
10100000000000000000000000000001
10100000000000011000100100000001
10100000000000000000000000000001
10100000000000000000000000000001
10100000000000000000000000000001
10100000000000011010100000100001
10100000000000000000000000000001
10100000000000000000000000000001
10100000000000000000000000000001
10100000000000011100011101100001
10100000000000000000000000000001
10100000000000000000000000000001
10100000000000000000000000000001
10100000000000011110011010100001
10100000000000000000000000000001
10100000000000000000000000000001
10100000000000000000000000000001
10100000000000100000010111100001
10100000000000000000000000000001
10100000000000000000000000000001
10100000000000000000000000000001
10100000000000100010010101100001
10100000000000000000000000000001
10100000000000000000000000000001
10100000000000000000000000000001
10100000000000100100010011000001
10100000000000000000000000000001
10100000000000000000000000000001
10100000000000000000000000000001
10100000000000100110010001100001
10100000000000000000000000000001
10100000000000000000000000000001
10100000000000000000000000000001
10100000000000101000001111100001
10100000000000000000000000000001
10100000000000000000000000000001
10100000000000000000000000000001
10100000000000101010001110000001
10100000000000000000000000000001
10100000000000000000000000000001
10100000000000000000000000000001
10100000000000101100001100100001
10100000000000000000000000000001
10100000000000000000000000000001
10100000000000000000000000000001
10100000000000101110001011100001
10100000000000000000000000000001
10100000000000000000000000000001
10100000000000000000000000000001
10100000000000110000001010000001
10100000000000000000000000000001
10100000000000000000000000000001
10100000000000000000000000000001
10100000000000110010001001000001
10100000000000000000000000000001
10100000000000000000000000000001
10100000000000000000000000000001
10100000000000110100001000100001
10100000000000000000000000000001
10100000000000000000000000000001
10100000000000000000000000000001
10100000000000110110000111100001
10100000000000000000000000000001
10100000000000000000000000000001
10100000000000000000000000000001
10100000000000111000000110100001
10100000000000000000000000000001
10100000000000000000000000000001
10100000000000000000000000000001
10100000000000111010000110000001
10100000000000000000000000000001
10100000000000000000000000000001
10100000000000000000000000000001
10100000000000111100000101100001
10100000000000000000000000000001
10100000000000000000000000000001
10100000000000000000000000000001
10100000000000111110000101000001
