00100000000000000000000000000001
00100000000000000000000000000001
00100000000000000000100000000001
00100000100100000000000000000001
00100000000000000000000000000001
00100000000000000000000000000001
00100000000000000001100000000001
00100001001100000000000101000001
00100000000000000000000000000001
00100000000000000000000000000001
00100000000000000010100000000001
00100001110100000000001010000001
00100000000000000000000000000001
00100000000000000000000000000001
00100000000000000011100000000001
00100010011100000000001111000001
00100000000000000000000000000001
00100000000000000000000000000001
00100000000000000100100000000001
00100011000100000000010100000001
00100000000000000000000000000001
00100000000000000000000000000001
00100000000000000101100000000001
00100011101100000000011001000001
00100000000000000000000000000001
00100000000000000000000000000001
00100000000000000110100000000001
00100100010100000000011110000001
00100000000000000000000000000001
00100000000000000000000000000001
00100000000000000111100000000001
00100100111100000000100011000001
00100000000000000000000000000001
00100000000000000000000000000001
00100000000000001000100000000001
00100101100100000000101000000001
00100000000000000000000000000001
00100000000000000000000000000001
00100000000000001001100000000001
00100110001100000000101101000001
00100000000000000000000000000001
00100000000000000000000000000001
00100000000000001010100000000001
00100110110100000000110010000001
00100000000000000000000000000001
00100000000000000000000000000001
00100000000000001011100000000001
00100111011100000000110111000001
00100000000000000000000000000001
00100000000000000000000000000001
00100000000000001100000000000001
00101000000100000000111100000001
00100000000000000000000000000001
00100000000000000000000000000001
00100000000000001101100000000001
00101000101100000001000001000001
00100000000000000000000000000001
00100000000000000000000000000001
00100000000000001110100000000001
00101001010100000001000110000001
00100000000000000000000000000001
00100000000000000000000000000001
00100000000000001111100000000001
00101001111100000001001011000001
00100000000000000000000000000001
00100000000000000000000000000001
00100000000000010000100000000001
00101010100100000001010000000001
00100000000000000000000000000001
00100000000000000000000000000001
00100000000000010001100000000001
00101011001100000001010101000001
00100000000000000000000000000001
00100000000000000000000000000001
00100000000000010010100000000001
00101011110100000001011010000001
00100000000000000000000000000001
00100000000000000000000000000001
00100000000000010011100000000001
00101100011100000001011111000001
