01000000000000000000000000000001
01000000000000000000000010000001
01011000000000111000000000000001
01000000000000000000001100000001
01000000000000000000000000100001
01000000000000000000000110100001
01011000000001111000000000000001
01000010010100000000101100000001
01000000000000000000000001000001
01000000000000000000000000100001
01001000000010111000000000000001
01000100010100000001001100000001
01000000000000000000000001100001
01000000000000000000001110000001
01001000000011111000000000000001
01000010001100000001101100000001
01000000000000000000000010000001
01000000000000000000010001000001
01011000000100111000000000000001
01001000000000000010001100000001
01000000000000000000000010100001
01000000000000000000010100100001
01010000000101111000000000000001
01001001101100000010101100000001
01000000000000000000000011000001
01000000000000000000011000100001
01010000000110111000000000000001
01001011011100000011001100000001
01000000000000000000000011100001
01000000000000000000011001100001
01011000000111111000000000000001
01000111010100000011101100000001
01000000000000000000000100000001
01000000000000000000011110000001
01010000001000111000000000000001
01001110011100000100001100000001
01000000000000000000000100100001
01000000000000000000011111100001
01001000001001111000000000000001
01001111110100000100101100000001
01000000000000000000000101000001
01000000000000000000000010100001
01000000000000111000000000000001
01000000000100000000001100000001
01000000000000000000000101100001
01000000000000000000000111000001
01000000000001111000000000000001
01000010011000000000101100000001
01000000000000000000000110000001
01000000000000000000001010000001
01001000000010111000000000000001
01000100011000000001001100000001
01000000000000000000000110100001
01000000000000000000001110000001
01010000000011111000000000000001
01000110000000000001101100000001
01000000000000000000000111000001
01000000000000000000010001100001
01000000000100111000000000000001
01001000000100000010001100000001
01000000000000000000000111100001
01000000000000000000010100100001
01011000000101111000000000000001
01000010010100000010101100000001
01000000000000000000001000000001
01000000000000000000011000100001
01011000000110111000000000000001
01001011100000000011001100000001
01000000000000000000001000100001
01000000000000000000011011100001
01010000000111111000000000000001
01000010010100000011101100000001
01000000000000000000001001000001
01000000000000000000011110000001
01011000001000111000000000000001
01001110100000000100001100000001
01000000000000000000001001100001
01000000000000000000010001100001
01001000001001111000000000000001
01001111111000000100101100000001
01000000000000000000001010000001
01000000000000000000000010100001
01001000000000111000000000000001
01000000001000000000001100000001
01000000000000000000001010100001
01000000000000000000000111000001
01001000000001111000000000000001
01000010011100000000101100000001
01000000000000000000001011000001
01000000000000000000001010000001
01010000000010111000000000000001
01000100011100000001001100000001
01000000000000000000001011100001
01000000000000000000001110000001
01011000000011111000000000000001
01000110000100000001101100000001
01000000000000000000001100000001
01000000000000000000010001100001
01001000000100111000000000000001
01001000001000000010001100000001
01000000000000000000001100100001
01000000000000000000010101000001
01000000000101111000000000000001
01001000111000000010101100000001
01000000000000000000001101000001
01000000000000000000000011000001
01010000000110111000000000000001
01001011100100000011001100000001
01000000000000000000001101100001
01000000000000000000010001100001
01010000000111111000000000000001
01001101010000000011101100000001
01000000000000000000001110000001
01000000000000000000011011100001
01000000001000111000000000000001
01000001010100000100001100000001
01000000000000000000001110100001
01000000000000000000011100100001
01000000001001111000000000000001
01001111111100000100101100000001
01000000000000000000001111000001
01000000000000000000000010100001
01010000000000111000000000000001
01000000001100000000001100000001
01000000000000000000001111100001
01000000000000000000000111000001
01010000000001111000000000000001
01000010100000000000101100000001
01000000000000000000010000000001
01000000000000000000001010000001
01011000000010111000000000000001
01000010101100000001001100000001
01000000000000000000010000100001
01000000000000000000001110100001
01000000000011111000000000000001
01000110001000000001101100000001
01000000000000000000010001000001
01000000000000000000010001100001
01010000000100111000000000000001
01001000001100000010001100000001
01000000000000000000010001100001
01000000000000000000010101000001
01001000000101111000000000000001
01001001110000000010101100000001
01000000000000000000010010000001
01000000000000000000011001000001
01000000000110111000000000000001
01001011101000000011001100000001
01000000000000000000010010100001
01000000000000000000001001000001
01011000000111111000000000000001
01001101010100000011101100000001
01000000000000000000010011000001
01000000000000000000011110100001
01000000001000111000000000000001
01001110100100000100001100000001
01000000000000000000010011100001
01000000000000000000000111100001
01000000001001111000000000000001
01010000000000000100101100000001
01000000000000000000010100000001
01000000000000000000000010100001
01011000000000111000000000000001
01000000010000000000001100000001
01000000000000000000010100100001
01000000000000000000000111000001
01011000000001111000000000000001
01000010100100000000101100000001
01000000000000000000010101000001
01000000000000000000000000000001
01000000000010111000000000000001
01000100100000000001001100000001
01000000000000000000010101100001
01000000000000000000001110100001
01001000000011111000000000000001
01000110001100000001101100000001
01000000000000000000010110000001
01000000000000000000010001100001
01011000000100111000000000000001
01001000010000000010001100000001
01000000000000000000010110100001
01000000000000000000010101000001
01010000000101111000000000000001
01001000000000000010101100000001
01000000000000000000010111000001
01000000000000000000011001000001
01001000000110111000000000000001
01001011101100000011001100000001
01000000000000000000010111100001
01000000000000000000011011100001
01011000000111111000000000000001
01000001010000000011101100000001
01000000000000000000011000000001
01000000000000000000011110100001
01001000001000111000000000000001
01000111011100000100001100000001
01000000000000000000011000100001
01000000000000000000100001100001
01010000001001111000000000000001
01010000000100000100101100000001
01000000000000000000011001000001
01000000000000000000000011000001
01000000000000111000000000000001
01000000010100000000001100000001
01000000000000000000011001100001
01000000000000000000000000100001
01010000000001111000000000000001
01000010101000000000101100000001
01000000000000000000011010000001
01000000000000000000001010100001
01000000000010111000000000000001
01000100100100000001001100000001
01000000000000000000011010100001
01000000000000000000000110100001
01001000000011111000000000000001
01000110010000000001101100000001
01000000000000000000011011000001
01000000000000000000010010000001
01000000000100111000000000000001
01000000010000000010001100000001
01000000000000000000011011100001
01000000000000000000001100000001
01011000000101111000000000000001
01000110010000000010101100000001
01000000000000000000011100000001
01000000000000000000010101100001
01000000000110111000000000000001
01001011110000000011001100000001
01000000000000000000011100100001
01000000000000000000011100000001
01000000000111111000000000000001
01001100111100000011101100000001
01000000000000000000011101000001
01000000000000000000011110100001
01010000001000111000000000000001
01001110101000000100001100000001
01000000000000000000011101100001
01000000000000000000011001000001
01011000001001111000000000000001
01010000001000000100101100000001
01000000000000000000011110000001
01000000000000000000000011000001
01001000000000111000000000000001
01000000011000000000001100000001
01000000000000000000011110100001
01000000000000000000000111100001
01000000000001111000000000000001
01000010101100000000101100000001
01000000000000000000011111000001
01000000000000000000001010100001
01001000000010111000000000000001
01000000100100000001001100000001
01000000000000000000011111100001
01000000000000000000001110100001
01010000000011111000000000000001
01000110010100000001101100000001
01000000000000000000100000000001
01000000000000000000001010100001
01010000000100111000000000000001
01000111100100000010001100000001
01000000000000000000100000100001
01000000000000000000010101000001
01011000000101111000000000000001
01001001110100000010101100000001
01000000000000000000100001000001
01000000000000000000011001000001
01010000000110111000000000000001
01000111010000000011001100000001
01000000000000000000100001100001
01000000000000000000011011000001
01010000000111111000000000000001
01001101011000000011101100000001
01000000000000000000100010000001
01000000000000000000011011100001
01001000001000111000000000000001
01001110101100000100001100000001
01000000000000000000100010100001
01000000000000000000001001100001
01011000001001111000000000000001
01000011001000000100101100000001
01000000000000000000100011000001
01000000000000000000000011000001
01010000000000111000000000000001
01000000011100000000001100000001
01000000000000000000100011100001
01000000000000000000000111100001
01001000000001111000000000000001
01000010110000000000101100000001
01000000000000000000100100000001
01000000000000000000000001100001
01000000000010111000000000000001
01000010001100000001001100000001
01000000000000000000100100100001
01000000000000000000001110100001
01011000000011111000000000000001
01000110011000000001101100000001
01000000000000000000100101000001
01000000000000000000000100000001
01001000000100111000000000000001
01001000010100000010001100000001
01000000000000000000100101100001
01000000000000000000010000100001
01001000000101111000000000000001
01001001111000000010101100000001
01000000000000000000100110000001
01000000000000000000000010000001
01001000000110111000000000000001
01000110010000000011001100000001
01000000000000000000100110100001
01000000000000000000000001000001
01001000000111111000000000000001
01001101011100000011101100000001
01000000000000000000100111000001
01000000000000000000011110100001
01011000001000111000000000000001
01001110110000000100001100000001
01000000000000000000100111100001
01000000000000000000100001100001
01011000001001111000000000000001
01010000001100000100101100000001
01000000000000000000101000000001
01000000000000000000000011000001
01011000000000111000000000000001
01000000100000000000001100000001
01000000000000000000101000100001
01000000000000000000000111100001
01010000000001111000000000000001
01000010110100000000101100000001
01000000000000000000101001000001
01000000000000000000000000000001
01010000000010111000000000000001
01000100101000000001001100000001
01000000000000000000101001100001
01000000000000000000001111000001
01000000000011111000000000000001
01000110010000000001101100000001
01000000000000000000101010000001
01000000000000000000010010000001
01001000000100111000000000000001
01001000000000000010001100000001
01000000000000000000101010100001
01000000000000000000010101100001
01000000000101111000000000000001
01000011111000000010101100000001
01000000000000000000101011000001
01000000000000000000001110000001
01010000000110111000000000000001
01001011110100000011001100000001
01000000000000000000101011100001
01000000000000000000000001000001
01000000000111111000000000000001
01001101100000000011101100000001
01000000000000000000101100000001
01000000000000000000000001000001
01010000001000111000000000000001
01001110110100000100001100000001
01000000000000000000101100100001
01000000000000000000010001100001
01011000001001111000000000000001
01010000010000000100101100000001
01000000000000000000101101000001
01000000000000000000000000100001
01010000000000111000000000000001
01000000100100000000001100000001
01000000000000000000101101100001
01000000000000000000000111100001
01011000000001111000000000000001
01000010111000000000101100000001
01000000000000000000101110000001
01000000000000000000001010100001
01010000000010111000000000000001
01000100101100000001001100000001
01000000000000000000101110100001
01000000000000000000001111000001
01001000000011111000000000000001
01000110011100000001101100000001
01000000000000000000101111000001
01000000000000000000010010000001
01010000000100111000000000000001
01001000011000000010001100000001
01000000000000000000101111100001
01000000000000000000010101100001
01001000000101111000000000000001
01001001111100000010101100000001
01000000000000000000110000000001
01000000000000000000011001000001
01011000000110111000000000000001
01000010101000000011001100000001
01000000000000000000110000100001
01000000000000000000011100000001
01001000000111111000000000000001
01001101100100000011101100000001
01000000000000000000110001000001
01000000000000000000011111000001
01000000001000111000000000000001
01001000001000000100001100000001
01000000000000000000110001100001
01000000000000000000100010000001
01000000001001111000000000000001
01010000010100000100101100000001
01000000000000000000110010000001
01000000000000000000000011100001
01000000000000111000000000000001
01000000101000000000001100000001
01000000000000000000110010100001
01000000000000000000001000000001
01000000000001111000000000000001
01000010111100000000101100000001
01000000000000000000110011000001
01000000000000000000001010100001
01011000000010111000000000000001
01000100110000000001001100000001
01000000000000000000110011100001
01000000000000000000000110100001
01001000000011111000000000000001
01000110100000000001101100000001
01000000000000000000110100000001
01000000000000000000010010000001
01011000000100111000000000000001
01000111101100000010001100000001
01000000000000000000110100100001
01000000000000000000001101100001
01011000000101111000000000000001
01001010000000000010101100000001
01000000000000000000110101000001
01000000000000000000011001100001
01000000000110111000000000000001
01001011111000000011001100000001
01000000000000000000110101100001
01000000000000000000001100000001
01001000000111111000000000000001
01001101011100000011101100000001
01000000000000000000110110000001
01000000000000000000001010000001
01000000001000111000000000000001
01001110111000000100001100000001
01000000000000000000110110100001
01000000000000000000000010100001
01001000001001111000000000000001
01010000011000000100101100000001
01000000000000000000110111000001
01000000000000000000000011100001
01001000000000111000000000000001
01000000011000000000001100000001
01000000000000000000110111100001
01000000000000000000001000000001
01001000000001111000000000000001
01000010110100000000101100000001
01000000000000000000111000000001
01000000000000000000001011000001
01000000000010111000000000000001
01000100110100000001001100000001
01000000000000000000111000100001
01000000000000000000000101100001
01001000000011111000000000000001
01000110100100000001101100000001
01000000000000000000111001000001
01000000000000000000010010100001
01000000000100111000000000000001
01001000011100000010001100000001
01000000000000000000111001100001
01000000000000000000010101100001
01010000000101111000000000000001
01000100100100000010101100000001
01000000000000000000111010000001
01000000000000000000011001100001
01001000000110111000000000000001
01001011111100000011001100000001
01000000000000000000111010100001
01000000000000000000011100000001
01010000000111111000000000000001
01001001100100000011101100000001
01000000000000000000111011000001
01000000000000000000011111000001
01001000001000111000000000000001
01001110111100000100001100000001
01000000000000000000111011100001
01000000000000000000100010000001
01001000001001111000000000000001
01010000011100000100101100000001
01000000000000000000111100000001
01000000000000000000000011000001
01010000000000111000000000000001
01000000101100000000001100000001
01000000000000000000111100100001
01000000000000000000001001100001
01010000000010011000000000000001
01000011000000000000101100000001
01000000000000000000111101000001
01000000000000000000001101000001
01010000000011011000000000000001
01000101100100000001011100000001
01000000000000000000111101100001
01000000000000000000010001000001
01000000000100011000000000000001
01000101101100000001111100000001
01000000000000000000111110000001
01000000000000000000010100000001
01001000000101011000000000000001
01001001010100000010011100000001
01000000000000000000111110100001
01000000000000000000011000000001
01000000000110011000000000000001
01001010111100000010111100000001
01000000000000000000111111000001
01000000000000000000011011000001
01010000000111011000000000000001
01001100111000000011011100000001
01000000000000000000111111100001
01000000000000000000010011000001
01001000001000011000000000000001
01000001010100000011111100000001
01000000000000000001000000000001
01000000000000000000100001000001
01000000001001011000000000000001
01001111101000000100011100000001
01000000000000000001000000100001
01000000000000000000000000000001
01000000000000000000000000000001
01010001001000000100111100000001
01000000000000000001000001000001
01000000000000000000000011100001
01010000000000111000000000000001
01000000110000000000001100000001
01000000000000000001000001100001
01000000000000000000001000000001
01010000000001111000000000000001
01000011000100000000101100000001
01000000000000000001000010000001
01000000000000000000001011000001
01010000000010111000000000000001
01000100111100000001001100000001
01000000000000000001000010100001
01000000000000000000001111000001
01010000000011111000000000000001
01000110101100000001101100000001
01000000000000000001000011000001
01000000000000000000001100100001
01011000000100111000000000000001
01000100010000000010001100000001
01000000000000000001000011100001
01000000000000000000010110000001
01000000000101111000000000000001
01000000110000000010101100000001
01000000000000000001000100000001
01000000000000000000001010100001
01010000000110111000000000000001
01001100000100000011001100000001
01000000000000000001000100100001
01000000000000000000011100000001
01011000000111111000000000000001
01001101101100000011101100000001
01000000000000000001000101000001
01000000000000000000011111000001
01011000001000111000000000000001
01001000011000000100001100000001
01000000000000000001000101100001
01000000000000000000010110000001
01001000001001111000000000000001
01010000100100000100101100000001
01000000000000000001000110000001
01000000000000000000000011100001
01011000000000111000000000000001
01000000110100000000001100000001
01000000000000000001000110100001
01000000000000000000001000000001
01011000000001111000000000000001
01000011001000000000101100000001
01000000000000000001000111000001
01000000000000000000001011000001
01011000000010111000000000000001
01000100101000000001001100000001
01000000000000000001000111100001
01000000000000000000001111000001
01011000000011111000000000000001
01000110110000000001101100000001
01000000000000000001001000000001
01000000000000000000010010100001
01010000000100111000000000000001
01000101101000000010001100000001
01000000000000000001001000100001
01000000000000000000010110000001
01001000000101111000000000000001
01001010001000000010101100000001
01000000000000000001001001000001
01000000000000000000011001100001
01011000000110111000000000000001
01001100001000000011001100000001
01000000000000000001001001100001
01000000000000000000011100100001
01000000000111111000000000000001
01000000011100000011101100000001
01000000000000000001001010000001
01000000000000000000000001000001
01011000001000111000000000000001
01001100011100000100001100000001
01000000000000000001001010100001
01000000000000000000011101000001
01010000001001111000000000000001
01001010010000000100101100000001
01000000000000000001001011000001
01000000000000000000000100000001
01000000000000111000000000000001
01000000111000000000001100000001
01000000000000000001001011100001
01000000000000000000001000100001
01000000000001111000000000000001
01000011001100000000101100000001
01000000000000000001001100000001
01000000000000000000001011100001
01000000000010111000000000000001
01000100110000000001001100000001
01000000000000000001001100100001
01000000000000000000001111100001
01000000000011111000000000000001
01000110110100000001101100000001
01000000000000000001001101000001
01000000000000000000010010100001
01011000000100111000000000000001
01001000100100000010001100000001
01000000000000000001001101100001
01000000000000000000010110000001
01010000000101111000000000000001
01001010001100000010101100000001
01000000000000000001001110000001
01000000000000000000011010000001
01000000000110111000000000000001
01001100001100000011001100000001
01000000000000000001001110100001
01000000000000000000011100100001
01001000000111111000000000000001
01000011100000000011101100000001
01000000000000000001001111000001
01000000000000000000010000000001
01001000001000111000000000000001
01001111000000000100001100000001
01000000000000000001001111100001
01000000000000000000001101100001
01011000001001111000000000000001
01001101110000000100101100000001
01000000000000000001010000000001
01000000000000000000000100000001
01001000000000111000000000000001
01000000111100000000001100000001
01000000000000000001010000100001
01000000000000000000000000100001
01011000000001111000000000000001
01000011010000000000101100000001
01000000000000000001010001000001
01000000000000000000000101000001
01010000000010111000000000000001
01000001111000000001001100000001
01000000000000000001010001100001
01000000000000000000001111100001
01001000000011111000000000000001
01000011111100000001101100000001
01000000000000000001010010000001
01000000000000000000000011100001
01011000000100111000000000000001
01000011100100000010001100000001
01000000000000000001010010100001
01000000000000000000010110000001
01011000000101111000000000000001
01001010010000000010101100000001
01000000000000000001010011000001
01000000000000000000011010000001
01001000000110111000000000000001
01001100010000000011001100000001
01000000000000000001010011100001
01000000000000000000011100100001
01010000000111111000000000000001
01001101110000000011101100000001
01000000000000000001010100000001
01000000000000000000010011000001
01000000001000111000000000000001
01001000110000000100001100000001
01000000000000000001010100100001
01000000000000000000010011000001
01011000001001111000000000000001
01010000101000000100101100000001
01000000000000000001010101000001
01000000000000000000000100000001
01010000000000111000000000000001
01000001000000000000001100000001
01000000000000000001010101100001
01000000000000000000000000000001
01010000000001111000000000000001
01000011010100000000101100000001
01000000000000000001010110000001
01000000000000000000001011100001
01001000000010111000000000000001
01000010001100000001001100000001
01000000000000000001010110100001
01000000000000000000001111100001
01010000000011111000000000000001
01000110111000000001101100000001
01000000000000000001010111000001
01000000000000000000010011000001
01000000000100111000000000000001
01000011001000000010001100000001
01000000000000000001010111100001
01000000000000000000010110100001
01000000000101111000000000000001
01000001100000000010101100000001
01000000000000000001011000000001
01000000000000000000011010000001
01010000000110111000000000000001
01000111000100000011001100000001
01000000000000000001011000100001
01000000000000000000001111100001
01011000000111111000000000000001
01001101110100000011101100000001
01000000000000000001011001000001
01000000000000000000011111100001
01000000001000111000000000000001
01001011001100000100001100000001
01000000000000000001011001100001
01000000000000000000011000000001
01000000001001111000000000000001
01010000101100000100101100000001
01000000000000000001011010000001
01000000000000000000000100000001
01011000000000111000000000000001
01000001000100000000001100000001
01000000000000000001011010100001
01000000000000000000000010000001
01001000000001111000000000000001
01000001101000000000101100000001
01000000000000000001011011000001
01000000000000000000001011100001
01010000000010111000000000000001
01000100001000000001001100000001
01000000000000000001011011100001
01000000000000000000001111100001
01011000000011111000000000000001
01000110111100000001101100000001
01000000000000000001011100000001
01000000000000000000010011000001
01001000000100111000000000000001
01000101110000000010001100000001
01000000000000000001011100100001
01000000000000000000010110100001
01001000000101111000000000000001
01001010010100000010101100000001
01000000000000000001011101000001
01000000000000000000011010000001
01011000000110111000000000000001
01001000111100000011001100000001
01000000000000000001011101100001
01000000000000000000001010000001
01001000000111111000000000000001
01001100111100000011101100000001
01000000000000000001011110000001
01000000000000000000010001100001
01010000001000111000000000000001
01000000101100000100001100000001
01000000000000000001011110100001
01000000000000000000100010000001
01011000001001111000000000000001
01010000110000000100101100000001
01000000000000000001011111000001
01000000000000000000000100100001
01000000000000111000000000000001
01000001001000000000001100000001
01000000000000000001011111100001
01000000000000000000000100000001
01001000000001111000000000000001
01000011011000000000101100000001
01000000000000000001100000000001
01000000000000000000001011100001
01011000000010111000000000000001
01000101000000000001001100000001
01000000000000000001100000100001
01000000000000000000000011100001
01010000000011111000000000000001
01000111000000000001101100000001
01000000000000000001100001000001
01000000000000000000010011000001
01010000000100111000000000000001
01001000101000000010001100000001
01000000000000000001100001100001
01000000000000000000010110100001
01010000000101111000000000000001
01000010101000000010101100000001
01000000000000000001100010000001
01000000000000000000010000100001
01010000000110111000000000000001
01001100010100000011001100000001
01000000000000000001100010100001
01000000000000000000010001000001
01010000000111111000000000000001
01001001000100000011101100000001
01000000000000000001100011000001
01000000000000000000000110100001
01011000001000111000000000000001
01001111000100000100001100000001
01000000000000000001100011100001
01000000000000000000100010100001
01000000001001111000000000000001
01010000110100000100101100000001
