00100000000000000000000000000000
00100000000000000000000000000000
00100000000000000000100000000000
00100000100100000000000000000000
00100000000000000000000000000000
00100000000000000000000000000000
00100000000000000001100000000000
00100001001100000000000101000000
00100000000000000000000000000000
00100000000000000000000000000000
00100000000000000010100000000000
00100001110100000000001010000000
00100000000000000000000000000000
00100000000000000000000000000000
00100000000000000011100000000000
00100010011100000000001111000000
00100000000000000000000000000000
00100000000000000000000000000000
00100000000000000100100000000000
00100011000100000000010100000000
00100000000000000000000000000000
00100000000000000000000000000000
00100000000000000101100000000000
00100011101100000000011001000000
00100000000000000000000000000000
00100000000000000000000000000000
00100000000000000110100000000000
00100100010100000000011110000000
00100000000000000000000000000000
00100000000000000000000000000000
00100000000000000111100000000000
00100100111100000000100011000000
00100000000000000000000000000000
00100000000000000000000000000000
00100000000000001000100000000000
00100101100100000000101000000000
00100000000000000000000000000000
00100000000000000000000000000000
00100000000000001001100000000000
00100110001100000000101101000000
00100000000000000000000000000000
00100000000000000000000000000000
00100000000000001010100000000000
00100110110100000000110010000000
00100000000000000000000000000000
00100000000000000000000000000000
00100000000000001011100000000000
00100111011100000000110111000000
00100000000000000000000000000000
00100000000000000000000000000000
00100000000000001100100000000000
00101000000100000000111100000000
00100000000000000000000000000000
00100000000000000000000000000000
00100000000000001101100000000000
00101000101100000001000001000000
00100000000000000000000000000000
00100000000000000000000000000000
00100000000000001110100000000000
00101001010100000001000110000000
00100000000000000000000000000000
00100000000000000000000000000000
00100000000000001111100000000000
00101001111100000001001011000000
00100000000000000000000000000000
00100000000000000000000000000000
00100000000000010000100000000000
00101010100100000001010000000000
00100000000000000000000000000000
00100000000000000000000000000000
00100000000000010001100000000000
00101011001100000001010101000000
00100000000000000000000000000000
00100000000000000000000000000000
00100000000000010010100000000000
00101011110100000001011010000000
00100000000000000000000000000000
00100000000000000000000000000000
00100000000000010011100000000000
00101100011100000001011111000000
00100000000000000000000000000000
00100000000000000000000000000000
00100000000000010100100000000000
00101101000100000001100100000000
00100000000000000000000000000000
00100000000000000000000000000000
00100000000000010101100000000000
00101101101100000001101001000000
00100000000000000000000000000000
00100000000000000000000000000000
00100000000000010110100000000000
00101110010100000001101110000000
00100000000000000000000000000000
00100000000000000000000000000000
00100000000000010111100000000000
00101110111100000001110011000000
00100000000000000000000000000000
00100000000000000000000000000000
00100000000000011000100000000000
00101111100100000001111000000000
00100000000000000000000000000000
00100000000000000000000000000000
00100000000000011001100000000000
00110000001100000001111101000000
00100000000000000000000000000000
00100000000000000000000000000000
00100000000000011010100000000000
00110000110100000010000010000000
00100000000000000000000000000000
00100000000000000000000000000000
00100000000000011011000000000000
00110001011100000010000111000000
00100000000000000000000000000000
00100000000000000000000000000000
00100000000000011100100000000000
00110010000100000010001100000000
00100000000000000000000000000000
00100000000000000000000000000000
00100000000000011101100000000000
00110010101100000010010001000000
00100000000000000000000000000000
00100000000000000000000000000000
00100000000000011110000000000000
00110011010100000010010110000000
00100000000000000000000000000000
00100000000000000000000000000000
00100000000000011111100000000000
00110011111100000010011011000000
00100000000000000000000000000000
00100000000000000000000000000000
00100000000000100000100000000000
00110100100100000010100000000000
00100000000000000000000000000000
00100000000000000000000000000000
00100000000000100001100000000000
00110101001100000010100101000000
00100000000000000000000000000000
00100000000000000000000000000000
00100000000000100010100000000000
00110101110100000010101010000000
00100000000000000000000000000000
00100000000000000000000000000000
00100000000000100011100000000000
00110110011100000010101111000000
00100000000000000000000000000000
00100000000000000000000000000000
00100000000000100100100000000000
00110111000100000010110100000000
00100000000000000000000000000000
00100000000000000000000000000000
00100000000000100101100000000000
00110111101100000010111001000000
00100000000000000000000000000000
00100000000000000000000000000000
00100000000000100110100000000000
00111000010100000010111110000000
00100000000000000000000000000000
00100000000000000000000000000000
00100000000000100111100000000000
00111000111100000011000011000000
00100000000000000000000000000000
00100000000000000000000000000000
00100000000000101000100000000000
00111001100100000011001000000000
00100000000000000000000000000000
00100000000000000000000000000000
00100000000000101001100000000000
00111010001100000011001101000000
00100000000000000000000000000000
00100000000000000000000000000000
00100000000000101010100000000000
00111010110100000011010010000000
00100000000000000000000000000000
00100000000000000000000000000000
00100000000000101011100000000000
00111011011100000011010111000000
00100000000000000000000000000000
00100000000000000000000000000000
00100000000000101100100000000000
00111100000100000011011100000000
00100000000000000000000000000000
00100000000000000000000000000000
00100000000000101101100000000000
00111100101100000011100001000000
00100000000000000000000000000000
00100000000000000000000000000000
00100000000000101110100000000000
00111101010100000011100110000000
00100000000000000000000000000000
00100000000000000000000000000000
00100000000000101111100000000000
00111101111100000011101011000000
00100000000000000000000000000000
00100000000000000000000000000000
00100000000000110000100000000000
00111110100100000011110000000000
00100000000000000000000000000000
00100000000000000000000000000000
00100000000000110001000000000000
00111111001100000011110101000000
00100000000000000000000000000000
00100000000000000000000000000000
00100000000000110010100000000000
00111111110100000011111010000000
00100000000000000000000000000000
00100000000000000000000000000000
00100000000000110011100000100000
00100000011100000011111111000000
00100000000000000000000000000000
00100000000000000000000000000000
00100000000000110100100000100000
00100001000100000100000100000000
00100000000000000000000000000000
00100000000000000000000000000000
00100000000000110101100000100000
00100001101100000100001001000000
00100000000000000000000000000000
00100000000000000000000000000000
00100000000000110110100000100000
00100010010100000100001110000000
00100000000000000000000000000000
00100000000000000000000000000000
00100000000000110111100000100000
00100010111100000100010011000000
00100000000000000000000000000000
00100000000000000000000000000000
00100000000000111000100000100000
00100011100100000100011000000000
00100000000000000000000000000000
00100000000000000000000000000000
00100000000000111001100000100000
00100100001100000100011101000000
00100000000000000000000000000000
00100000000000000000000000000000
00100000000000111010100000100000
00100100110100000100100010000000
00100000000000000000000000000000
00100000000000000000000000000000
00100000000000111011100000100000
00100101011100000100100111000000
00100000000000000000000000000000
00100000000000000000000000000000
00100000000000111100000000100000
00100110000100000100101100000000
00100000000000000000000000000000
00100000000000000000000000000000
00100000000000111101100000100000
00100110101100000100110001000000
00100000000000000000000000000000
00100000000000000000000000000000
00100000000000111110100000100000
00100111010100000100110110000000
00100000000000000000000000000000
00100000000000000000000000000000
00100000000000111111100000100000
00100111111100000100111011000000
00100000000000000000000000000000
00100000000000000000000000000000
00100000000001000000100000100000
00101000100100000101000000000000
00100000000000000000000000000000
00100000000000000000000000000000
00100000000001000001100000100000
00101001001100000101000101000000
00100000000000000000000000000000
00100000000000000000000000000000
00100000000001000010100000100000
00101001110100000101001010000000
00100000000000000000000000000000
00100000000000000000000000000000
00100000000001000011100000100000
00101010011100000101001111000000
00100000000000000000000000000000
00100000000000000000000000000000
00100000000001000100100000100000
00101011000100000101010100000000
00100000000000000000000000000000
00100000000000000000000000000000
00100000000001000101100000100000
00101011101100000101011001000000
00100000000000000000000000000000
00100000000000000000000000000000
00100000000001000110100000100000
00101100010100000101011110000000
00100000000000000000000000000000
00100000000000000000000000000000
00100000000001000111100000100000
00101100111100000101100011000000
00100000000000000000000000000000
00100000000000000000000000000000
00100000000001001000100000100000
00101101100100000101101000000000
00100000000000000000000000000000
00100000000000000000000000000000
00100000000001001001100000100000
00101110001100000101101101000000
00100000000000000000000000000000
00100000000000000000000000000000
00100000000001001010100000100000
00101110110100000101110010000000
00100000000000000000000000000000
00100000000000000000000000000000
00100000000001001011100000100000
00101111011100000101110111000000
00100000000000000000000000000000
00100000000000000000000000000000
00100000000001001100100000100000
00110000000100000101111100000000
00100000000000000000000000000000
00100000000000000000000000000000
00100000000001001101100000100000
00110000101100000110000001000000
00100000000000000000000000000000
00100000000000000000000000000000
00100000000001001110100000100000
00110001010100000110000110000000
00100000000000000000000000000000
00100000000000000000000000000000
00100000000001001111000000100000
00110001111100000110001011000000
00100000000000000000000000000000
00100000000000000000000000000000
00100000000001010000100000100000
00110010100100000110010000000000
00100000000000000000000000000000
00100000000000000000000000000000
00100000000001010001100000100000
00110011001100000110010101000000
00100000000000000000000000000000
00100000000000000000000000000000
00100000000001010010100000100000
00110011110100000110011010000000
00100000000000000000000000000000
00100000000000000000000000000000
00100000000001010011100000100000
00110100011100000110011111000000
00100000000000000000000000000000
00100000000000000000000000000000
00100000000001010100100000100000
00110101000100000110100100000000
00100000000000000000000000000000
00100000000000000000000000000000
00100000000001010101100000100000
00110101101100000110101001000000
00100000000000000000000000000000
00100000000000000000000000000000
00100000000001010110000000100000
00110110010100000110101110000000
00100000000000000000000000000000
00100000000000000000000000000000
00100000000001010111100000100000
00110110111100000110110011000000
00100000000000000000000000000000
00100000000000000000000000000000
00100000000001011000100000100000
00110111100100000110111000000000
00100000000000000000000000000000
00100000000000000000000000000000
00100000000001011001100000100000
00111000001100000110111101000000
00100000000000000000000000000000
00100000000000000000000000000000
00100000000001011010100000100000
00111000110100000111000010000000
00100000000000000000000000000000
00100000000000000000000000000000
00100000000001011011100000100000
00111001011100000111000111000000
00100000000000000000000000000000
00100000000000000000000000000000
00100000000001011100100000100000
00111010000100000111001100000000
00100000000000000000000000000000
00100000000000000000000000000000
00100000000001011101100000100000
00111010101100000111010001000000
00100000000000000000000000000000
00100000000000000000000000000000
00100000000001011110100000100000
00111011010100000111010110000000
00100000000000000000000000000000
00100000000000000000000000000000
00100000000001011111100000100000
00111011111100000111011011000000
00100000000000000000000000000000
00100000000000000000000000000000
00100000000001100000100000100000
00111100100100000111100000000000
00100000000000000000000000000000
00100000000000000000000000000000
00100000000001100001100000100000
00111101001100000111100101000000
00100000000000000000000000000000
00100000000000000000000000000000
00100000000001100010100000100000
00111101110100000111101010000000
00100000000000000000000000000000
00100000000000000000000000000000
00100000000001100011100000100000
00111110011100000111101111000000
