0 0 00000000000000000000
0 1 00000000000000000000
0 2 00000000000000000000
0 3 00000000000000000000
0 4 00000000000000000000
0 5 00000000000000000000
0 6 00000000000000000000
0 7 00000000000000000000
0 8 00000000000000000000
0 9 00000000000000000000
0 10 00000000000000000000
0 11 00000000000000000000
0 12 00000000000000000000
0 13 00000000000000000000
0 14 00000000000000000000
0 15 00000000000000000000
0 16 00000000000000000000
0 17 00000000000000000000
0 18 00000000000000000000
0 19 00000000000000000000
1 0 00000000000000000000
1 1 00000000000000000000
1 2 00000000000000000000
1 3 00000000000000000000
1 4 00000000000000000000
1 5 00000000000000000000
1 6 00000000000000000000
1 7 00000000000000000000
1 8 00000000000000000000
1 9 00000000000000000000
1 10 00000000000000000000
1 11 00000000000000000000
1 12 00000000000000000000
1 13 00000000000000000000
1 14 00000000000000000000
1 15 00000000000000000000
1 16 00000000000000000000
1 17 00000000000000000000
1 18 00000000000000000000
1 19 00000000000000000000
2 0 00000000000000000000
2 1 00000000000000000000
2 2 00000000000000000000
2 3 00000000000000000000
2 4 00000000000000000000
2 5 00000000000000000000
2 6 00000000000000000000
2 7 00000000000000000000
2 8 00000000000000000000
2 9 00000000000000000000
2 10 00000000000000000000
2 11 00000000000000000000
2 12 00000000000000000000
2 13 00000000000000000000
2 14 00000000000000000000
2 15 00000000000000000000
2 16 00000000000000000000
2 17 00000000000000000000
2 18 00000000000000000000
2 19 00000000000000000000
3 0 11111111111111001000
3 1 00000000000010000100
3 2 11111111111111101010
3 3 00000000000000100011
3 4 00000000000000011100
3 5 00000000000010001010
3 6 11111111111001011110
3 7 00000000000001000010
3 8 11111111111111010011
3 9 00000000000011100101
3 10 00000000000000000011
3 11 00000000000001000110
3 12 00000000000001001000
3 13 00000000000001111111
3 14 00000000000000000011
3 15 00000000000000010111
3 16 11111111111101011001
3 17 00000000000000100000
3 18 00000000000011000111
3 19 00000000000010110100
4 0 00000000000100010001
4 1 00000000001001110110
4 2 11111111111001000110
4 3 11111111111011000101
4 4 00000000000010110000
4 5 00000000000101100110
4 6 11111111110101101100
4 7 00000000000111000010
4 8 11111111110100110110
4 9 00000000001010010010
4 10 00000000000001101011
4 11 00000000000010111111
4 12 00000000001001101010
4 13 00000000000000011100
4 14 11111111111111000000
4 15 11111111111110110110
4 16 00000000000000010111
4 17 00000000000100000001
4 18 11111111111110001110
4 19 00000000001010011111
5 0 00000000001001011010
5 1 00000000010001101000
5 2 11111111110010100010
5 3 11111111110101100111
5 4 00000000000101000100
5 5 00000000001001000010
5 6 11111111110001111010
5 7 00000000001101000010
5 8 11111111101010011001
5 9 00000000010000111111
5 10 00000000000011010011
5 11 00000000000100111000
5 12 00000000010010001100
5 13 11111111111110111001
5 14 11111111111101111101
5 15 11111111111101010101
5 16 00000000000011010101
5 17 00000000000111100010
5 18 11111111111001010101
5 19 00000000010010001010
6 0 00000000001110100011
6 1 00000000011001011010
6 2 11111111101011111110
6 3 11111111110000001001
6 4 00000000000111011000
6 5 00000000001100011110
6 6 11111111101110001000
6 7 00000000010011000010
6 8 11111111011111111100
6 9 00000000010111101100
6 10 00000000000100111011
6 11 00000000000110110001
6 12 00000000011010101110
6 13 11111111111101010110
6 14 11111111111100111010
6 15 11111111111011110100
6 16 00000000000110010011
6 17 00000000001011000011
6 18 11111111110100011100
6 19 00000000011001110101
7 0 00000000010101001110
7 1 00000000100001101000
7 2 11111111110000000000
7 3 11111111110101100101
7 4 00000000000101000001
7 5 00000000001101010101
7 6 11111111101011000010
7 7 00000000011001111001
7 8 11111111011100101010
7 9 00000000011111011110
7 10 00000000001010100000
7 11 00000000001001101010
7 12 00000000100001001111
7 13 11111111111011100111
7 14 00000000000000001111
7 15 11111111111101111111
7 16 00000000000111111111
7 17 00000000010011110001
7 18 11111111100111001011
7 19 00000000100010101110
8 0 00000000010111111000
8 1 00000000100011010110
8 2 11111111110011000100
8 3 11111111111000101110
8 4 00000000000111000110
8 5 00000000001110001101
8 6 11111111101000111010
8 7 00000000011010111101
8 8 11111111011101111000
8 9 00000000100000001111
8 10 00000000001101101001
8 11 00000000001001000010
8 12 00000000100000110011
8 13 11111111111100101001
8 14 00000000000010100101
8 15 00000000000000101001
8 16 00000000000100111000
8 17 00000000010101001101
8 18 11111111011111000101
8 19 00000000100100100001
9 0 00000000011010100010
9 1 00000000100101000100
9 2 11111111110110001000
9 3 11111111111011110111
9 4 00000000001001001011
9 5 00000000001111000101
9 6 11111111100110110010
9 7 00000000011100000001
9 8 11111111011111000110
9 9 00000000100001000000
9 10 00000000010000110010
9 11 00000000001000011010
9 12 00000000100000010111
9 13 11111111111101101011
9 14 00000000000100111011
9 15 00000000000011010011
9 16 00000000000001110001
9 17 00000000010110101001
9 18 11111111010110111111
9 19 00000000100110010100
10 0 00000000011101001100
10 1 00000000100110110010
10 2 11111111111001001100
10 3 11111111111111000000
10 4 00000000001011010000
10 5 00000000001111111101
10 6 11111111100100101010
10 7 00000000011101000101
10 8 11111111100000010100
10 9 00000000100001110001
10 10 00000000010011111011
10 11 00000000000111110010
10 12 00000000011111111011
10 13 11111111111110101101
10 14 00000000000111010001
10 15 00000000000101111101
10 16 11111111111110101010
10 17 00000000011000000101
10 18 11111111001110111001
10 19 00000000101000000111
11 0 00000000100001010010
11 1 00000000101010111100
11 2 11111111110110100101
11 3 11111111111100110001
11 4 00000000010001111011
11 5 00000000010100011100
11 6 11111111011111110010
11 7 00000000011111100011
11 8 11111111011110010111
11 9 00000000100100000001
11 10 00000000010111011110
11 11 00000000000111110111
11 12 00000000100001111110
11 13 00000000000010100101
11 14 00000000001001101001
11 15 00000000001000101000
11 16 11111111111011010100
11 17 00000000010111110111
11 18 11111111000111101110
11 19 00000000101011100100
12 0 00000000100100010000
12 1 00000000101101110100
12 2 11111111111011100000
12 3 00000000000010010011
12 4 00000000010001110110
12 5 00000000010101011110
12 6 11111111011101101110
12 7 00000000100001110100
12 8 11111111100010010111
12 9 00000000100110100101
12 10 00000000011011110101
12 11 00000000001001100100
12 12 00000000100010011100
12 13 00000000000101001111
12 14 00000000001110000011
12 15 00000000001100010101
12 16 11111111111001110011
12 17 00000000011011011010
12 18 11111111000000010001
12 19 00000000101110011100
13 0 00000000101000010110
13 1 00000000110001111110
13 2 11111111111000111001
13 3 00000000000000000100
13 4 00000000011000100001
13 5 00000000011001111101
13 6 11111111011000110110
13 7 00000000100100010010
13 8 11111111100000011010
13 9 00000000101000110101
13 10 00000000011111011000
13 11 00000000001001101001
13 12 00000000100100011111
13 13 00000000001001000111
13 14 00000000010000011011
13 15 00000000001111000000
13 16 11111111110110011101
13 17 00000000011011001100
13 18 11111110111001000110
13 19 00000000110001111001
14 0 00000000101011010100
14 1 00000000110100110110
14 2 11111111111101110100
14 3 00000000000101100110
14 4 00000000011000011100
14 5 00000000011010111111
14 6 11111111010110110010
14 7 00000000100110100011
14 8 11111111100100011010
14 9 00000000101011011001
14 10 00000000100011101111
14 11 00000000001011010110
14 12 00000000100100111101
14 13 00000000001011110001
14 14 00000000010100110101
14 15 00000000010010101101
14 16 11111111110100111100
14 17 00000000011110101111
14 18 11111110110001101001
14 19 00000000110100110001
15 0 00000000101101111110
15 1 00000000110110100100
15 2 00000000000000111000
15 3 00000000001000101111
15 4 00000000011010100001
15 5 00000000011011110111
15 6 11111111010100101010
15 7 00000000100111100111
15 8 11111111100101101000
15 9 00000000101100001010
15 10 00000000100110111000
15 11 00000000001010101110
15 12 00000000100100100001
15 13 00000000001100110011
15 14 00000000010111001011
15 15 00000000010101010111
15 16 11111111110001110101
15 17 00000000100000001011
15 18 11111110101001100011
15 19 00000000110110100100
16 0 00000000110000101000
16 1 00000000111000010010
16 2 00000000000011111100
16 3 00000000001011111000
16 4 00000000011100100110
16 5 00000000011100101111
16 6 11111111010010100010
16 7 00000000101000101011
16 8 11111111100110110110
16 9 00000000101100111011
16 10 00000000101010000001
16 11 00000000001010000110
16 12 00000000100100000101
16 13 00000000001101110101
16 14 00000000011001100001
16 15 00000000011000000001
16 16 11111111101110101110
16 17 00000000100001100111
16 18 11111110100001011101
16 19 00000000111000010111
17 0 00000000110010000100
17 1 00000000111010101110
17 2 11111111111110010001
17 3 00000000000110100000
17 4 00000000100001001100
17 5 00000000100000010110
17 6 11111111001111110010
17 7 00000000101010000101
17 8 11111111100011101011
17 9 00000000101110011010
17 10 00000000101010011011
17 11 00000000001010110011
17 12 00000000100110100100
17 13 00000000010000101011
17 14 00000000011001100011
17 15 00000000011000000010
17 16 11111111101110011111
17 17 00000000011111111101
17 18 11111110100010011000
17 19 00000000111010000001
18 0 00000000110101010010
18 1 00000001000000111100
18 2 11111111111011010100
18 3 00000000000100110100
18 4 00000000101000010011
18 5 00000000100110111111
18 6 11111111000100011000
18 7 00000000101101100101
18 8 11111111100001000001
18 9 00000000110100001111
18 10 00000000101110000001
18 11 00000000001011111110
18 12 00000000101001101111
18 13 00000000010110100010
18 14 00000000011011111110
18 15 00000000011011000100
18 16 11111111101000100010
18 17 00000000100000001111
18 18 11111110011110010100
18 19 00000001000000010010
19 0 00000000110110101110
19 1 00000001000011011000
19 2 11111111110101101001
19 3 11111111111111011100
19 4 00000000101100111001
19 5 00000000101010100110
19 6 11111111000001101000
19 7 00000000101110111111
19 8 11111111011101110110
19 9 00000000110101101110
19 10 00000000101110011011
19 11 00000000001100101011
19 12 00000000101100001110
19 13 00000000011001011000
19 14 00000000011100000000
19 15 00000000011011000101
19 16 11111111101000010011
19 17 00000000011110100101
19 18 11111110011111001111
19 19 00000001000001111100
20 0 00000000111001111100
20 1 00000001001001100110
20 2 11111111110010101100
20 3 11111111111101110000
20 4 00000000110100000000
20 5 00000000110001001111
20 6 11111110110110001110
20 7 00000000110010011111
20 8 11111111011011001100
20 9 00000000111011100011
20 10 00000000110010000001
20 11 00000000001101110110
20 12 00000000101111011001
20 13 00000000011111001111
20 14 00000000011110011011
20 15 00000000011110000111
20 16 11111111100010010110
20 17 00000000011110110111
20 18 11111110011011001011
20 19 00000001001000001101
21 0 00000000111110000010
21 1 00000001001101110000
21 2 11111111110000000101
21 3 11111111111011100001
21 4 00000000111010101011
21 5 00000000110101101110
21 6 11111110110001010110
21 7 00000000110100111101
21 8 11111111011001001111
21 9 00000000111101110011
21 10 00000000110101100100
21 11 00000000001101111011
21 12 00000000110001011100
21 13 00000000100011000111
21 14 00000000100000110011
21 15 00000000100000110010
21 16 11111111011111000000
21 17 00000000011110101001
21 18 11111110010100000000
21 19 00000001001011101010
22 0 00000001000001010000
22 1 00000001010011111110
22 2 11111111101101001000
22 3 11111111111001110101
22 4 00000001000001110010
22 5 00000000111100010111
22 6 11111110100101111100
22 7 00000000111000011101
22 8 11111111010110100101
22 9 00000001000011101000
22 10 00000000111001001010
22 11 00000000001111000110
22 12 00000000110100100111
22 13 00000000101000111110
22 14 00000000100011001110
22 15 00000000100011110100
22 16 11111111011001000011
22 17 00000000011110111011
22 18 11111110001111111100
22 19 00000001010001111011
23 0 00000001000011111010
23 1 00000001010101101100
23 2 11111111110000001100
23 3 11111111111100111110
23 4 00000001000011110111
23 5 00000000111101001111
23 6 11111110100011110100
23 7 00000000111001100001
23 8 11111111010111110011
23 9 00000001000100011001
23 10 00000000111100010011
23 11 00000000001110011110
23 12 00000000110100001011
23 13 00000000101010000000
23 14 00000000100101100100
23 15 00000000100110011110
23 16 11111111010101111100
23 17 00000000100000010111
23 18 11111110000111110110
23 19 00000001010011101110
24 0 00000001000111001000
24 1 00000001011011111010
24 2 11111111101101001111
24 3 11111111111011010010
24 4 00000001001010111110
24 5 00000001000011111000
24 6 11111110011000011010
24 7 00000000111101000001
24 8 11111111010101001001
24 9 00000001001010001110
24 10 00000000111111111001
24 11 00000000001111101001
24 12 00000000110111010110
24 13 00000000101111110111
24 14 00000000100111111111
24 15 00000000101001100000
24 16 11111111001111111111
24 17 00000000100000101001
24 18 11111110000011110010
24 19 00000001011001111111
25 0 00000001001000111010
25 1 00000001011111101100
25 2 11111111101111111101
25 3 11111111111110111110
25 4 00000001001101011111
25 5 00000001000110111010
25 6 11111110001111110000
25 7 00000000111111000111
25 8 11111111010101101010
25 9 00000001001110100100
25 10 00000001000011000101
25 11 00000000010000000111
25 12 00000000111000000010
25 13 00000000110010111000
25 14 00000000101010011000
25 15 00000000101100100001
25 16 11111111001010010001
25 17 00000000100010100101
25 18 11111101111110110011
25 19 00000001011110100110
26 0 00000001001001011110
26 1 00000001100100001100
26 2 11111111101001111100
26 3 11111111111010001001
26 4 00000001010010100001
26 5 00000001001100101011
26 6 11111110000110011110
26 7 00000001000001100011
26 8 11111111010001110010
26 9 00000001010011101000
26 10 00000001000011100010
26 11 00000000010001111010
26 12 00000000111011101001
26 13 00000000110111101101
26 14 00000000101010011101
26 15 00000000101100111001
26 16 11111111000111011011
26 17 00000000100001011011
26 18 11111110000010110101
26 19 00000001100011000100
27 0 00000001001100011100
27 1 00000001100111000100
27 2 11111111101110110111
27 3 11111111111111101011
27 4 00000001010010011100
27 5 00000001001101101101
27 6 11111110000100011010
27 7 00000001000011110100
27 8 11111111010101110010
27 9 00000001010110001100
27 10 00000001000111111001
27 11 00000000010011100111
27 12 00000000111100000111
27 13 00000000111010010111
27 14 00000000101110110111
27 15 00000000110000100110
27 16 11111111000101111010
27 17 00000000100100111110
27 18 11111101111011011000
27 19 00000001100101111100
28 0 00000001001111101010
28 1 00000001101101010010
28 2 11111111101011111010
28 3 11111111111101111111
28 4 00000001011001100011
28 5 00000001010100010110
28 6 11111101111001000000
28 7 00000001000111010100
28 8 11111111010011001000
28 9 00000001011100000001
28 10 00000001001011011111
28 11 00000000010100110010
28 12 00000000111111010010
28 13 00000001000000001110
28 14 00000000110001010010
28 15 00000000110011101000
28 16 11111110111111111101
28 17 00000000100101010000
28 18 11111101110111010100
28 19 00000001101100001101
29 0 00000001010001011100
29 1 00000001110001000100
29 2 11111111101110101000
29 3 00000000000001101011
29 4 00000001011100000100
29 5 00000001010111011000
29 6 11111101110000010110
29 7 00000001001001011010
29 8 11111111010011101001
29 9 00000001100000010111
29 10 00000001001110101011
29 11 00000000010101010000
29 12 00000000111111111110
29 13 00000001000011001111
29 14 00000000110011101011
29 15 00000000110110101001
29 16 11111110111010001111
29 17 00000000100111001100
29 18 11111101110010010101
29 19 00000001110000110100
30 0 00000001010010000000
30 1 00000001110101100100
30 2 11111111101000100111
30 3 11111111111100110110
30 4 00000001100001000110
30 5 00000001011101001001
30 6 11111101100111000100
30 7 00000001001011110110
30 8 11111111001111110001
30 9 00000001100101011011
30 10 00000001001111001000
30 11 00000000010111000011
30 12 00000001000011100101
30 13 00000001001000000100
30 14 00000000110011110000
30 15 00000000110111000001
30 16 11111110110111011001
30 17 00000000100110000010
30 18 11111101110110010111
30 19 00000001110101010010
31 0 00000001010101001110
31 1 00000001111011110010
31 2 11111111100101101010
31 3 11111111111011001010
31 4 00000001101000001101
31 5 00000001100011110010
31 6 11111101011011101010
31 7 00000001001111010110
31 8 11111111001101000111
31 9 00000001101011010000
31 10 00000001010010101110
31 11 00000000011000001110
31 12 00000001000110110000
31 13 00000001001101111011
31 14 00000000110110001011
31 15 00000000111010000011
31 16 11111110110001011100
31 17 00000000100110010100
31 18 11111101110010010011
31 19 00000001111011100011
32 0 00000001011001010100
32 1 00000001111111111100
32 2 11111111100011000011
32 3 11111111111000111011
32 4 00000001101110111000
32 5 00000001101000010001
32 6 11111101010110110010
32 7 00000001010001110100
32 8 11111111001011001010
32 9 00000001101101100000
32 10 00000001010110010001
32 11 00000000011000010011
32 12 00000001001000110011
32 13 00000001010001110011
32 14 00000000111000100011
32 15 00000000111100101110
32 16 11111110101110000110
32 17 00000000100110000110
32 18 11111101101011001000
32 19 00000001111111000000
33 0 00000001011100100010
33 1 00000010000110001010
33 2 11111111100000000110
33 3 11111111110111001111
33 4 00000001110101111111
33 5 00000001101110111010
33 6 11111101001011011000
33 7 00000001010101010100
33 8 11111111001000100000
33 9 00000001110011010101
33 10 00000001011001110111
33 11 00000000011001011110
33 12 00000001001011111110
33 13 00000001010111101010
33 14 00000000111010111110
33 15 00000000111111110000
33 16 11111110101000001001
33 17 00000000100110011000
33 18 11111101100111000100
33 19 00000010000101010001
34 0 00000001011110010100
34 1 00000010001001111100
34 2 11111111100010110100
34 3 11111111111010111011
34 4 00000001111000100000
34 5 00000001110001111100
34 6 11111101000010101110
34 7 00000001010111011010
34 8 11111111001001000001
34 9 00000001110111101011
34 10 00000001011101000011
34 11 00000000011001111100
34 12 00000001001100101010
34 13 00000001011010101011
34 14 00000000111101010111
34 15 00000001000010110001
34 16 11111110100010011011
34 17 00000000101000010100
34 18 11111101100010000101
34 19 00000010001001111000
35 0 00000001011110111000
35 1 00000010001110011100
35 2 11111111011100110011
35 3 11111111110110000110
35 4 00000001111101100010
35 5 00000001110111101101
35 6 11111100111001011100
35 7 00000001011001110110
35 8 11111111000101001001
35 9 00000001111100101111
35 10 00000001011101100000
35 11 00000000011011101111
35 12 00000001010000010001
35 13 00000001011111100000
35 14 00000000111101011100
35 15 00000001000011001001
35 16 11111110011111100101
35 17 00000000100111001010
35 18 11111101100110000111
35 19 00000010001110010110
36 0 00000001011111011100
36 1 00000010010010111100
36 2 11111111010110110010
36 3 11111111110001010001
36 4 00000010000010100100
36 5 00000001111101011110
36 6 11111100110000001010
36 7 00000001011100010010
36 8 11111111000001010001
36 9 00000010000001110011
36 10 00000001011101111101
36 11 00000000011101100010
36 12 00000001010011111000
36 13 00000001100100010101
36 14 00000000111101100001
36 15 00000001000011100001
36 16 11111110011100101111
36 17 00000000100110000000
36 18 11111101101010001001
36 19 00000010010010110100
37 0 00000001011110100100
37 1 00000010010101000000
37 2 11111111010110011100
37 3 11111111110001110100
37 4 00000010000011000000
37 5 00000001111111101000
37 6 11111100101001101000
37 7 00000001011101010100
37 8 11111111000000100100
37 9 00000010000101011000
37 10 00000001011110000000
37 11 00000000011110101000
37 12 00000001010101000000
37 13 00000001100110010100
37 14 00000000111101100100
37 15 00000001000011111000
37 16 11111110011010001000
37 17 00000000100110100000
37 18 11111101101101010000
37 19 00000010010101101000
38 0 00000001011111001000
38 1 00000010011001100000
38 2 11111111010000011011
38 3 11111111101100111111
38 4 00000010001000000010
38 5 00000010000101011001
38 6 11111100100000010110
38 7 00000001011111110000
38 8 11111110111100101100
38 9 00000010001010011100
38 10 00000001011110011101
38 11 00000000100000011011
38 12 00000001011000100111
38 13 00000001101011001001
38 14 00000000111101101001
38 15 00000001000100010000
38 16 11111110010111010010
38 17 00000000100101010110
38 18 11111101110001010010
38 19 00000010011010000110
39 0 00000001100001001110
39 1 00000010011110011100
39 2 11111111010101000000
39 3 11111111110011000100
39 4 00000010001000011001
39 5 00000010001000100101
39 6 11111100010111110000
39 7 00000001100011000011
39 8 11111110111111111111
39 9 00000010010000100101
39 10 00000001100010110111
39 11 00000000100011001110
39 12 00000001011010001101
39 13 00000001101111110010
39 14 00000001000010000110
39 15 00000001001000010100
39 16 11111110010011001010
39 17 00000000101001011001
39 18 11111101101100111100
39 19 00000010011111110010
40 0 00000001100100001100
40 1 00000010100001010100
40 2 11111111011001111011
40 3 11111111111000100110
40 4 00000010001000010100
40 5 00000010001001100111
40 6 11111100010101101100
40 7 00000001100101010100
40 8 11111111000011111111
40 9 00000010010011001001
40 10 00000001100111001110
40 11 00000000100100111011
40 12 00000001011010101011
40 13 00000001110010011100
40 14 00000001000110100000
40 15 00000001001100000001
40 16 11111110010001101001
40 17 00000000101100111100
40 18 11111101100101011111
40 19 00000010100010101010
41 0 00000001100110110110
41 1 00000010100011000010
41 2 11111111011100111111
41 3 11111111111011101111
41 4 00000010001010011001
41 5 00000010001010011111
41 6 11111100010011100100
41 7 00000001100110011000
41 8 11111111000101001101
41 9 00000010010011111010
41 10 00000001101010010111
41 11 00000000100100010011
41 12 00000001011010001111
41 13 00000001110011011110
41 14 00000001001000110110
41 15 00000001001110101011
41 16 11111110001110100010
41 17 00000000101110011000
41 18 11111101011101011001
41 19 00000010100100011101
42 0 00000001101001110100
42 1 00000010100101111010
42 2 11111111100001111010
42 3 00000000000001010001
42 4 00000010001010010100
42 5 00000010001011100001
42 6 11111100010001100000
42 7 00000001101000101001
42 8 11111111001001001101
42 9 00000010010110011110
42 10 00000001101110101110
42 11 00000000100110000000
42 12 00000001011010101101
42 13 00000001110110001000
42 14 00000001001101010000
42 15 00000001010010011000
42 16 11111110001101000001
42 17 00000000110001111011
42 18 11111101010101111100
42 19 00000010100111010101
43 0 00000001101011100110
43 1 00000010101001101100
43 2 11111111100100101000
43 3 00000000000100111101
43 4 00000010001100110101
43 5 00000010001110100011
43 6 11111100001000110110
43 7 00000001101010101111
43 8 11111111001001101110
43 9 00000010011010110100
43 10 00000001110001111010
43 11 00000000100110011110
43 12 00000001011011011001
43 13 00000001111001001001
43 14 00000001001111101001
43 15 00000001010101011001
43 16 11111110000111010011
43 17 00000000110011110111
43 18 11111101010000111101
43 19 00000010101011111100
44 0 00000001101110010000
44 1 00000010101011011010
44 2 11111111100111101100
44 3 00000000001000000110
44 4 00000010001110111010
44 5 00000010001111011011
44 6 11111100000110101110
44 7 00000001101011110011
44 8 11111111001010111100
44 9 00000010011011100101
44 10 00000001110101000011
44 11 00000000100101110110
44 12 00000001011010111101
44 13 00000001111010001011
44 14 00000001010001111111
44 15 00000001011000000011
44 16 11111110000100001100
44 17 00000000110101010011
44 18 11111101001000110111
44 19 00000010101101101111
45 0 00000001101110100100
45 1 00000010101100100100
45 2 11111111101001100011
45 3 00000000001010011111
45 4 00000010001100110000
45 5 00000010001111100101
45 6 11111100000110110010
45 7 00000001101101000000
45 8 11111111001101101110
45 9 00000010011101011000
45 10 00000001110110010001
45 11 00000000101000001011
45 12 00000001011011110111
45 13 00000001111011110011
45 14 00000001010100000011
45 15 00000001011001000110
45 16 11111110000101110010
45 17 00000000110111011010
45 18 11111101001001100000
45 19 00000010101110110100
46 0 00000001101110111000
46 1 00000010101101101110
46 2 11111111101011011010
46 3 00000000001100111000
46 4 00000010001010100110
46 5 00000010001111101111
46 6 11111100000110110110
46 7 00000001101110001101
46 8 11111111010000100000
46 9 00000010011111001011
46 10 00000001110111011111
46 11 00000000101010100000
46 12 00000001011100110001
46 13 00000001111101011011
46 14 00000001010110000111
46 15 00000001011010001001
46 16 11111110000111011000
46 17 00000000111001100001
46 18 11111101001010001001
46 19 00000010101111111001
47 0 00000001101111001100
47 1 00000010101110111000
47 2 11111111101101010001
47 3 00000000001111010001
47 4 00000010001000011100
47 5 00000010001111111001
47 6 11111100000110111010
47 7 00000001101111011010
47 8 11111111010011010010
47 9 00000010100000111110
47 10 00000001111000101101
47 11 00000000101100110101
47 12 00000001011101101011
47 13 00000001111111000011
47 14 00000001011000001011
47 15 00000001011011001100
47 16 11111110001000111110
47 17 00000000111011101000
47 18 11111101001010110010
47 19 00000010110000111110
48 0 00000001110010001010
48 1 00000010110001110000
48 2 11111111110010001100
48 3 00000000010100110011
48 4 00000010001000010111
48 5 00000010010000111011
48 6 11111100000100110110
48 7 00000001110001101011
48 8 11111111010111010010
48 9 00000010100011100010
48 10 00000001111101000100
48 11 00000000101110100010
48 12 00000001011110001001
48 13 00000010000001101101
48 14 00000001011100100101
48 15 00000001011110111001
48 16 11111110000111011101
48 17 00000000111111001011
48 18 11111101000011010101
48 19 00000010110011110110
49 0 00000001110010001010
49 1 00000010110001110000
49 2 11111111110010001100
49 3 00000000010100110011
49 4 00000010001000010111
49 5 00000010010000111011
49 6 11111100000100110110
49 7 00000001110001101011
49 8 11111111010111010010
49 9 00000010100011100010
49 10 00000001111101000100
49 11 00000000101110100010
49 12 00000001011110001001
49 13 00000010000001101101
49 14 00000001011100100101
49 15 00000001011110111001
49 16 11111110000111011101
49 17 00000000111111001011
49 18 11111101000011010101
49 19 00000010110011110110
50 0 00000001110010001010
50 1 00000010110001110000
50 2 11111111110010001100
50 3 00000000010100110011
50 4 00000010001000010111
50 5 00000010010000111011
50 6 11111100000100110110
50 7 00000001110001101011
50 8 11111111010111010010
50 9 00000010100011100010
50 10 00000001111101000100
50 11 00000000101110100010
50 12 00000001011110001001
50 13 00000010000001101101
50 14 00000001011100100101
50 15 00000001011110111001
50 16 11111110000111011101
50 17 00000000111111001011
50 18 11111101000011010101
50 19 00000010110011110110
51 0 00000001110101001000
51 1 00000010110100101000
51 2 11111111110111000111
51 3 00000000011010010101
51 4 00000010001000010010
51 5 00000010010001111101
51 6 11111100000010110010
51 7 00000001110011111100
51 8 11111111011011010010
51 9 00000010100110000110
51 10 00000010000001011011
51 11 00000000110000001111
51 12 00000001011110100111
51 13 00000010000100010111
51 14 00000001100000111111
51 15 00000001100010100110
51 16 11111110000101111100
51 17 00000001000010101110
51 18 11111100111011111000
51 19 00000010110110101110
52 0 00000001110111110010
52 1 00000010110110010110
52 2 11111111111010001011
52 3 00000000011101011110
52 4 00000010001010010111
52 5 00000010010010110101
52 6 11111100000000101010
52 7 00000001110101000000
52 8 11111111011100100000
52 9 00000010100110110111
52 10 00000010000100100100
52 11 00000000101111100111
52 12 00000001011110001011
52 13 00000010000101011001
52 14 00000001100011010101
52 15 00000001100101010000
52 16 11111110000010110101
52 17 00000001000100001010
52 18 11111100110011110010
52 19 00000010111000100001
53 0 00000001110111110010
53 1 00000010110110010110
53 2 11111111111010001011
53 3 00000000011101011110
53 4 00000010001010010111
53 5 00000010010010110101
53 6 11111100000000101010
53 7 00000001110101000000
53 8 11111111011100100000
53 9 00000010100110110111
53 10 00000010000100100100
53 11 00000000101111100111
53 12 00000001011110001011
53 13 00000010000101011001
53 14 00000001100011010101
53 15 00000001100101010000
53 16 11111110000010110101
53 17 00000001000100001010
53 18 11111100110011110010
53 19 00000010111000100001
54 0 00000001110111110010
54 1 00000010110110010110
54 2 11111111111010001011
54 3 00000000011101011110
54 4 00000010001010010111
54 5 00000010010010110101
54 6 11111100000000101010
54 7 00000001110101000000
54 8 11111111011100100000
54 9 00000010100110110111
54 10 00000010000100100100
54 11 00000000101111100111
54 12 00000001011110001011
54 13 00000010000101011001
54 14 00000001100011010101
54 15 00000001100101010000
54 16 11111110000010110101
54 17 00000001000100001010
54 18 11111100110011110010
54 19 00000010111000100001
55 0 00000001110111110010
55 1 00000010110110010110
55 2 11111111111010001011
55 3 00000000011101011110
55 4 00000010001010010111
55 5 00000010010010110101
55 6 11111100000000101010
55 7 00000001110101000000
55 8 11111111011100100000
55 9 00000010100110110111
55 10 00000010000100100100
55 11 00000000101111100111
55 12 00000001011110001011
55 13 00000010000101011001
55 14 00000001100011010101
55 15 00000001100101010000
55 16 11111110000010110101
55 17 00000001000100001010
55 18 11111100110011110010
55 19 00000010111000100001
56 0 00000001110111110010
56 1 00000010110110010110
56 2 11111111111010001011
56 3 00000000011101011110
56 4 00000010001010010111
56 5 00000010010010110101
56 6 11111100000000101010
56 7 00000001110101000000
56 8 11111111011100100000
56 9 00000010100110110111
56 10 00000010000100100100
56 11 00000000101111100111
56 12 00000001011110001011
56 13 00000010000101011001
56 14 00000001100011010101
56 15 00000001100101010000
56 16 11111110000010110101
56 17 00000001000100001010
56 18 11111100110011110010
56 19 00000010111000100001
57 0 00000001110111110010
57 1 00000010110110010110
57 2 11111111111010001011
57 3 00000000011101011110
57 4 00000010001010010111
57 5 00000010010010110101
57 6 11111100000000101010
57 7 00000001110101000000
57 8 11111111011100100000
57 9 00000010100110110111
57 10 00000010000100100100
57 11 00000000101111100111
57 12 00000001011110001011
57 13 00000010000101011001
57 14 00000001100011010101
57 15 00000001100101010000
57 16 11111110000010110101
57 17 00000001000100001010
57 18 11111100110011110010
57 19 00000010111000100001
58 0 00000001111001111000
58 1 00000010111011010010
58 2 11111111111110110000
58 3 00000000100011100011
58 4 00000010001010101110
58 5 00000010010110000001
58 6 11111011111000000100
58 7 00000001111000010011
58 8 11111111011111110011
58 9 00000010101101000000
58 10 00000010001000111110
58 11 00000000110010011010
58 12 00000001011111110001
58 13 00000010001010000010
58 14 00000001100111110010
58 15 00000001101001010100
58 16 11111101111110101101
58 17 00000001001000001101
58 18 11111100101111011100
58 19 00000010111110001101
59 0 00000001111100110110
59 1 00000010111110001010
59 2 00000000000011101011
59 3 00000000101001000101
59 4 00000010001010101001
59 5 00000010010111000011
59 6 11111011110110000000
59 7 00000001111010100100
59 8 11111111100011110011
59 9 00000010101111100100
59 10 00000010001101010101
59 11 00000000110100000111
59 12 00000001100000001111
59 13 00000010001100101100
59 14 00000001101100001100
59 15 00000001101101000001
59 16 11111101111101001100
59 17 00000001001011110000
59 18 11111100100111111111
59 19 00000011000001000101
60 0 00000001111111110100
60 1 00000011000001000010
60 2 00000000001000100110
60 3 00000000101110100111
60 4 00000010001010100100
60 5 00000010011000000101
60 6 11111011110011111100
60 7 00000001111100110101
60 8 11111111100111110011
60 9 00000010110010001000
60 10 00000010010001101100
60 11 00000000110101110100
60 12 00000001100000101101
60 13 00000010001111010110
60 14 00000001110000100110
60 15 00000001110000101110
60 16 11111101111011101011
60 17 00000001001111010011
60 18 11111100100000100010
60 19 00000011000011111101
61 0 00000001111111110100
61 1 00000011000001000010
61 2 00000000001000100110
61 3 00000000101110100111
61 4 00000010001010100100
61 5 00000010011000000101
61 6 11111011110011111100
61 7 00000001111100110101
61 8 11111111100111110011
61 9 00000010110010001000
61 10 00000010010001101100
61 11 00000000110101110100
61 12 00000001100000101101
61 13 00000010001111010110
61 14 00000001110000100110
61 15 00000001110000101110
61 16 11111101111011101011
61 17 00000001001111010011
61 18 11111100100000100010
61 19 00000011000011111101
62 0 00000010000001111010
62 1 00000011000101111110
62 2 00000000001101001011
62 3 00000000110100101100
62 4 00000010001010111011
62 5 00000010011011010001
62 6 11111011101011010110
62 7 00000010000000001000
62 8 11111111101011000110
62 9 00000010111000010001
62 10 00000010010110000110
62 11 00000000111000100111
62 12 00000001100010010011
62 13 00000010010011111111
62 14 00000001110101000011
62 15 00000001110100110010
62 16 11111101110111100011
62 17 00000001010011010110
62 18 11111100011100001100
62 19 00000011001001101001
63 0 00000010000100111000
63 1 00000011001000110110
63 2 00000000010010000110
63 3 00000000111010001110
63 4 00000010001010110110
63 5 00000010011100010011
63 6 11111011101001010010
63 7 00000010000010011001
63 8 11111111101111000110
63 9 00000010111010110101
63 10 00000010011010011101
63 11 00000000111010010100
63 12 00000001100010110001
63 13 00000010010110101001
63 14 00000001111001011101
63 15 00000001111000011111
63 16 11111101110110000010
63 17 00000001010110111001
63 18 11111100010100101111
63 19 00000011001100100001
64 0 00000010000111110110
64 1 00000011001011101110
64 2 00000000010111000001
64 3 00000000111111110000
64 4 00000010001010110001
64 5 00000010011101010101
64 6 11111011100111001110
64 7 00000010000100101010
64 8 11111111110011000110
64 9 00000010111101011001
64 10 00000010011110110100
64 11 00000000111100000001
64 12 00000001100011001111
64 13 00000010011001010011
64 14 00000001111101110111
64 15 00000001111100001100
64 16 11111101110100100001
64 17 00000001011010011100
64 18 11111100001101010010
64 19 00000011001111011001
65 0 00000010001010110100
65 1 00000011001110100110
65 2 00000000011011111100
65 3 00000001000101010010
65 4 00000010001010101100
65 5 00000010011110010111
65 6 11111011100101001010
65 7 00000010000110111011
65 8 11111111110111000110
65 9 00000010111111111101
65 10 00000010100011001011
65 11 00000000111101101110
65 12 00000001100011101101
65 13 00000010011011111101
65 14 00000010000010010001
65 15 00000001111111111001
65 16 11111101110011000000
65 17 00000001011101111111
65 18 11111100000101110101
65 19 00000011010010010001
66 0 00000010001101110010
66 1 00000011010001011110
66 2 00000000100000110111
66 3 00000001001010110100
66 4 00000010001010100111
66 5 00000010011111011001
66 6 11111011100011000110
66 7 00000010001001001100
66 8 11111111111011000110
66 9 00000011000010100001
66 10 00000010100111100010
66 11 00000000111111011011
66 12 00000001100100001011
66 13 00000010011110100111
66 14 00000010000110101011
66 15 00000010000011100110
66 16 11111101110001011111
66 17 00000001100001100010
66 18 11111011111110011000
66 19 00000011010101001001
67 0 00000010010000110000
67 1 00000011010100010110
67 2 00000000100101110010
67 3 00000001010000010110
67 4 00000010001010100010
67 5 00000010100000011011
67 6 11111011100001000010
67 7 00000010001011011101
67 8 11111111111111000110
67 9 00000011000101000101
67 10 00000010101011111001
67 11 00000001000001001000
67 12 00000001100100101001
67 13 00000010100001010001
67 14 00000010001011000101
67 15 00000010000111010011
67 16 11111101101111111110
67 17 00000001100101000101
67 18 11111011110110111011
67 19 00000011011000000001
68 0 00000010010011101110
68 1 00000011010111001110
68 2 00000000101010101101
68 3 00000001010101111000
68 4 00000010001010011101
68 5 00000010100001011101
68 6 11111011011110111110
68 7 00000010001101101110
68 8 00000000000011000110
68 9 00000011000111101001
68 10 00000010110000010000
68 11 00000001000010110101
68 12 00000001100101000111
68 13 00000010100011111011
68 14 00000010001111011111
68 15 00000010001011000000
68 16 11111101101110011101
68 17 00000001101000101000
68 18 11111011101111011110
68 19 00000011011010111001
69 0 00000010010100000010
69 1 00000011011000011000
69 2 00000000101100100100
69 3 00000001011000010001
69 4 00000010001000010011
69 5 00000010100001100111
69 6 11111011011111000010
69 7 00000010001110111011
69 8 00000000000101111000
69 9 00000011001001011100
69 10 00000010110001011110
69 11 00000001000101001010
69 12 00000001100110000001
69 13 00000010100101100011
69 14 00000010010001100011
69 15 00000010001100000011
69 16 11111101110000000011
69 17 00000001101010101111
69 18 11111011110000000111
69 19 00000011011011111110
70 0 00000010010111000000
70 1 00000011011011010000
70 2 00000000110001011111
70 3 00000001011101110011
70 4 00000010001000001110
70 5 00000010100010101001
70 6 11111011011100111110
70 7 00000010010001001100
70 8 00000000001001111000
70 9 00000011001100000000
70 10 00000010110101110101
70 11 00000001000110110111
70 12 00000001100110011111
70 13 00000010101000001101
70 14 00000010010101111101
70 15 00000010001111110000
70 16 11111101101110100010
70 17 00000001101110010010
70 18 11111011101000101010
70 19 00000011011110110110
71 0 00000010010111000000
71 1 00000011011011010000
71 2 00000000110001011111
71 3 00000001011101110011
71 4 00000010001000001110
71 5 00000010100010101001
71 6 11111011011100111110
71 7 00000010010001001100
71 8 00000000001001111000
71 9 00000011001100000000
71 10 00000010110101110101
71 11 00000001000110110111
71 12 00000001100110011111
71 13 00000010101000001101
71 14 00000010010101111101
71 15 00000010001111110000
71 16 11111101101110100010
71 17 00000001101110010010
71 18 11111011101000101010
71 19 00000011011110110110
72 0 00000010010111000000
72 1 00000011011011010000
72 2 00000000110001011111
72 3 00000001011101110011
72 4 00000010001000001110
72 5 00000010100010101001
72 6 11111011011100111110
72 7 00000010010001001100
72 8 00000000001001111000
72 9 00000011001100000000
72 10 00000010110101110101
72 11 00000001000110110111
72 12 00000001100110011111
72 13 00000010101000001101
72 14 00000010010101111101
72 15 00000010001111110000
72 16 11111101101110100010
72 17 00000001101110010010
72 18 11111011101000101010
72 19 00000011011110110110
73 0 00000010011001101010
73 1 00000011011100111110
73 2 00000000110100100011
73 3 00000001100000111100
73 4 00000010001010010011
73 5 00000010100011100001
73 6 11111011011010110110
73 7 00000010010010010000
73 8 00000000001011000110
73 9 00000011001100110001
73 10 00000010111000111110
73 11 00000001000110001111
73 12 00000001100110000011
73 13 00000010101001001111
73 14 00000010011000010011
73 15 00000010010010011010
73 16 11111101101011011011
73 17 00000001101111101110
73 18 11111011100000100100
73 19 00000011100000101001
74 0 00000010011001101010
74 1 00000011011100111110
74 2 00000000110100100011
74 3 00000001100000111100
74 4 00000010001010010011
74 5 00000010100011100001
74 6 11111011011010110110
74 7 00000010010010010000
74 8 00000000001011000110
74 9 00000011001100110001
74 10 00000010111000111110
74 11 00000001000110001111
74 12 00000001100110000011
74 13 00000010101001001111
74 14 00000010011000010011
74 15 00000010010010011010
74 16 11111101101011011011
74 17 00000001101111101110
74 18 11111011100000100100
74 19 00000011100000101001
75 0 00000010011001101010
75 1 00000011011100111110
75 2 00000000110100100011
75 3 00000001100000111100
75 4 00000010001010010011
75 5 00000010100011100001
75 6 11111011011010110110
75 7 00000010010010010000
75 8 00000000001011000110
75 9 00000011001100110001
75 10 00000010111000111110
75 11 00000001000110001111
75 12 00000001100110000011
75 13 00000010101001001111
75 14 00000010011000010011
75 15 00000010010010011010
75 16 11111101101011011011
75 17 00000001101111101110
75 18 11111011100000100100
75 19 00000011100000101001
76 0 00000010011001101010
76 1 00000011011100111110
76 2 00000000110100100011
76 3 00000001100000111100
76 4 00000010001010010011
76 5 00000010100011100001
76 6 11111011011010110110
76 7 00000010010010010000
76 8 00000000001011000110
76 9 00000011001100110001
76 10 00000010111000111110
76 11 00000001000110001111
76 12 00000001100110000011
76 13 00000010101001001111
76 14 00000010011000010011
76 15 00000010010010011010
76 16 11111101101011011011
76 17 00000001101111101110
76 18 11111011100000100100
76 19 00000011100000101001
77 0 00000010011001101010
77 1 00000011011100111110
77 2 00000000110100100011
77 3 00000001100000111100
77 4 00000010001010010011
77 5 00000010100011100001
77 6 11111011011010110110
77 7 00000010010010010000
77 8 00000000001011000110
77 9 00000011001100110001
77 10 00000010111000111110
77 11 00000001000110001111
77 12 00000001100110000011
77 13 00000010101001001111
77 14 00000010011000010011
77 15 00000010010010011010
77 16 11111101101011011011
77 17 00000001101111101110
77 18 11111011100000100100
77 19 00000011100000101001
78 0 00000010011001101010
78 1 00000011011100111110
78 2 00000000110100100011
78 3 00000001100000111100
78 4 00000010001010010011
78 5 00000010100011100001
78 6 11111011011010110110
78 7 00000010010010010000
78 8 00000000001011000110
78 9 00000011001100110001
78 10 00000010111000111110
78 11 00000001000110001111
78 12 00000001100110000011
78 13 00000010101001001111
78 14 00000010011000010011
78 15 00000010010010011010
78 16 11111101101011011011
78 17 00000001101111101110
78 18 11111011100000100100
78 19 00000011100000101001
79 0 00000010011001101010
79 1 00000011011100111110
79 2 00000000110100100011
79 3 00000001100000111100
79 4 00000010001010010011
79 5 00000010100011100001
79 6 11111011011010110110
79 7 00000010010010010000
79 8 00000000001011000110
79 9 00000011001100110001
79 10 00000010111000111110
79 11 00000001000110001111
79 12 00000001100110000011
79 13 00000010101001001111
79 14 00000010011000010011
79 15 00000010010010011010
79 16 11111101101011011011
79 17 00000001101111101110
79 18 11111011100000100100
79 19 00000011100000101001
80 0 00000010011001101010
80 1 00000011011100111110
80 2 00000000110100100011
80 3 00000001100000111100
80 4 00000010001010010011
80 5 00000010100011100001
80 6 11111011011010110110
80 7 00000010010010010000
80 8 00000000001011000110
80 9 00000011001100110001
80 10 00000010111000111110
80 11 00000001000110001111
80 12 00000001100110000011
80 13 00000010101001001111
80 14 00000010011000010011
80 15 00000010010010011010
80 16 11111101101011011011
80 17 00000001101111101110
80 18 11111011100000100100
80 19 00000011100000101001
81 0 00000010011001101010
81 1 00000011011100111110
81 2 00000000110100100011
81 3 00000001100000111100
81 4 00000010001010010011
81 5 00000010100011100001
81 6 11111011011010110110
81 7 00000010010010010000
81 8 00000000001011000110
81 9 00000011001100110001
81 10 00000010111000111110
81 11 00000001000110001111
81 12 00000001100110000011
81 13 00000010101001001111
81 14 00000010011000010011
81 15 00000010010010011010
81 16 11111101101011011011
81 17 00000001101111101110
81 18 11111011100000100100
81 19 00000011100000101001
82 0 00000010011001101010
82 1 00000011011100111110
82 2 00000000110100100011
82 3 00000001100000111100
82 4 00000010001010010011
82 5 00000010100011100001
82 6 11111011011010110110
82 7 00000010010010010000
82 8 00000000001011000110
82 9 00000011001100110001
82 10 00000010111000111110
82 11 00000001000110001111
82 12 00000001100110000011
82 13 00000010101001001111
82 14 00000010011000010011
82 15 00000010010010011010
82 16 11111101101011011011
82 17 00000001101111101110
82 18 11111011100000100100
82 19 00000011100000101001
83 0 00000010011001101010
83 1 00000011011100111110
83 2 00000000110100100011
83 3 00000001100000111100
83 4 00000010001010010011
83 5 00000010100011100001
83 6 11111011011010110110
83 7 00000010010010010000
83 8 00000000001011000110
83 9 00000011001100110001
83 10 00000010111000111110
83 11 00000001000110001111
83 12 00000001100110000011
83 13 00000010101001001111
83 14 00000010011000010011
83 15 00000010010010011010
83 16 11111101101011011011
83 17 00000001101111101110
83 18 11111011100000100100
83 19 00000011100000101001
84 0 00000010011001101010
84 1 00000011011100111110
84 2 00000000110100100011
84 3 00000001100000111100
84 4 00000010001010010011
84 5 00000010100011100001
84 6 11111011011010110110
84 7 00000010010010010000
84 8 00000000001011000110
84 9 00000011001100110001
84 10 00000010111000111110
84 11 00000001000110001111
84 12 00000001100110000011
84 13 00000010101001001111
84 14 00000010011000010011
84 15 00000010010010011010
84 16 11111101101011011011
84 17 00000001101111101110
84 18 11111011100000100100
84 19 00000011100000101001
85 0 00000010011001101010
85 1 00000011011100111110
85 2 00000000110100100011
85 3 00000001100000111100
85 4 00000010001010010011
85 5 00000010100011100001
85 6 11111011011010110110
85 7 00000010010010010000
85 8 00000000001011000110
85 9 00000011001100110001
85 10 00000010111000111110
85 11 00000001000110001111
85 12 00000001100110000011
85 13 00000010101001001111
85 14 00000010011000010011
85 15 00000010010010011010
85 16 11111101101011011011
85 17 00000001101111101110
85 18 11111011100000100100
85 19 00000011100000101001
86 0 00000010011001101010
86 1 00000011011100111110
86 2 00000000110100100011
86 3 00000001100000111100
86 4 00000010001010010011
86 5 00000010100011100001
86 6 11111011011010110110
86 7 00000010010010010000
86 8 00000000001011000110
86 9 00000011001100110001
86 10 00000010111000111110
86 11 00000001000110001111
86 12 00000001100110000011
86 13 00000010101001001111
86 14 00000010011000010011
86 15 00000010010010011010
86 16 11111101101011011011
86 17 00000001101111101110
86 18 11111011100000100100
86 19 00000011100000101001
87 0 00000010011001101010
87 1 00000011011100111110
87 2 00000000110100100011
87 3 00000001100000111100
87 4 00000010001010010011
87 5 00000010100011100001
87 6 11111011011010110110
87 7 00000010010010010000
87 8 00000000001011000110
87 9 00000011001100110001
87 10 00000010111000111110
87 11 00000001000110001111
87 12 00000001100110000011
87 13 00000010101001001111
87 14 00000010011000010011
87 15 00000010010010011010
87 16 11111101101011011011
87 17 00000001101111101110
87 18 11111011100000100100
87 19 00000011100000101001
88 0 00000010011001101010
88 1 00000011011100111110
88 2 00000000110100100011
88 3 00000001100000111100
88 4 00000010001010010011
88 5 00000010100011100001
88 6 11111011011010110110
88 7 00000010010010010000
88 8 00000000001011000110
88 9 00000011001100110001
88 10 00000010111000111110
88 11 00000001000110001111
88 12 00000001100110000011
88 13 00000010101001001111
88 14 00000010011000010011
88 15 00000010010010011010
88 16 11111101101011011011
88 17 00000001101111101110
88 18 11111011100000100100
88 19 00000011100000101001
89 0 00000010011001101010
89 1 00000011011100111110
89 2 00000000110100100011
89 3 00000001100000111100
89 4 00000010001010010011
89 5 00000010100011100001
89 6 11111011011010110110
89 7 00000010010010010000
89 8 00000000001011000110
89 9 00000011001100110001
89 10 00000010111000111110
89 11 00000001000110001111
89 12 00000001100110000011
89 13 00000010101001001111
89 14 00000010011000010011
89 15 00000010010010011010
89 16 11111101101011011011
89 17 00000001101111101110
89 18 11111011100000100100
89 19 00000011100000101001
90 0 00000010011001101010
90 1 00000011011100111110
90 2 00000000110100100011
90 3 00000001100000111100
90 4 00000010001010010011
90 5 00000010100011100001
90 6 11111011011010110110
90 7 00000010010010010000
90 8 00000000001011000110
90 9 00000011001100110001
90 10 00000010111000111110
90 11 00000001000110001111
90 12 00000001100110000011
90 13 00000010101001001111
90 14 00000010011000010011
90 15 00000010010010011010
90 16 11111101101011011011
90 17 00000001101111101110
90 18 11111011100000100100
90 19 00000011100000101001
91 0 00000010011001101010
91 1 00000011011100111110
91 2 00000000110100100011
91 3 00000001100000111100
91 4 00000010001010010011
91 5 00000010100011100001
91 6 11111011011010110110
91 7 00000010010010010000
91 8 00000000001011000110
91 9 00000011001100110001
91 10 00000010111000111110
91 11 00000001000110001111
91 12 00000001100110000011
91 13 00000010101001001111
91 14 00000010011000010011
91 15 00000010010010011010
91 16 11111101101011011011
91 17 00000001101111101110
91 18 11111011100000100100
91 19 00000011100000101001
92 0 00000010011001101010
92 1 00000011011100111110
92 2 00000000110100100011
92 3 00000001100000111100
92 4 00000010001010010011
92 5 00000010100011100001
92 6 11111011011010110110
92 7 00000010010010010000
92 8 00000000001011000110
92 9 00000011001100110001
92 10 00000010111000111110
92 11 00000001000110001111
92 12 00000001100110000011
92 13 00000010101001001111
92 14 00000010011000010011
92 15 00000010010010011010
92 16 11111101101011011011
92 17 00000001101111101110
92 18 11111011100000100100
92 19 00000011100000101001
93 0 00000010011001101010
93 1 00000011011100111110
93 2 00000000110100100011
93 3 00000001100000111100
93 4 00000010001010010011
93 5 00000010100011100001
93 6 11111011011010110110
93 7 00000010010010010000
93 8 00000000001011000110
93 9 00000011001100110001
93 10 00000010111000111110
93 11 00000001000110001111
93 12 00000001100110000011
93 13 00000010101001001111
93 14 00000010011000010011
93 15 00000010010010011010
93 16 11111101101011011011
93 17 00000001101111101110
93 18 11111011100000100100
93 19 00000011100000101001
94 0 00000010011001101010
94 1 00000011011100111110
94 2 00000000110100100011
94 3 00000001100000111100
94 4 00000010001010010011
94 5 00000010100011100001
94 6 11111011011010110110
94 7 00000010010010010000
94 8 00000000001011000110
94 9 00000011001100110001
94 10 00000010111000111110
94 11 00000001000110001111
94 12 00000001100110000011
94 13 00000010101001001111
94 14 00000010011000010011
94 15 00000010010010011010
94 16 11111101101011011011
94 17 00000001101111101110
94 18 11111011100000100100
94 19 00000011100000101001
95 0 00000010011001101010
95 1 00000011011100111110
95 2 00000000110100100011
95 3 00000001100000111100
95 4 00000010001010010011
95 5 00000010100011100001
95 6 11111011011010110110
95 7 00000010010010010000
95 8 00000000001011000110
95 9 00000011001100110001
95 10 00000010111000111110
95 11 00000001000110001111
95 12 00000001100110000011
95 13 00000010101001001111
95 14 00000010011000010011
95 15 00000010010010011010
95 16 11111101101011011011
95 17 00000001101111101110
95 18 11111011100000100100
95 19 00000011100000101001
96 0 00000010011001101010
96 1 00000011011100111110
96 2 00000000110100100011
96 3 00000001100000111100
96 4 00000010001010010011
96 5 00000010100011100001
96 6 11111011011010110110
96 7 00000010010010010000
96 8 00000000001011000110
96 9 00000011001100110001
96 10 00000010111000111110
96 11 00000001000110001111
96 12 00000001100110000011
96 13 00000010101001001111
96 14 00000010011000010011
96 15 00000010010010011010
96 16 11111101101011011011
96 17 00000001101111101110
96 18 11111011100000100100
96 19 00000011100000101001
97 0 00000010011001101010
97 1 00000011011100111110
97 2 00000000110100100011
97 3 00000001100000111100
97 4 00000010001010010011
97 5 00000010100011100001
97 6 11111011011010110110
97 7 00000010010010010000
97 8 00000000001011000110
97 9 00000011001100110001
97 10 00000010111000111110
97 11 00000001000110001111
97 12 00000001100110000011
97 13 00000010101001001111
97 14 00000010011000010011
97 15 00000010010010011010
97 16 11111101101011011011
97 17 00000001101111101110
97 18 11111011100000100100
97 19 00000011100000101001
98 0 00000010011001101010
98 1 00000011011100111110
98 2 00000000110100100011
98 3 00000001100000111100
98 4 00000010001010010011
98 5 00000010100011100001
98 6 11111011011010110110
98 7 00000010010010010000
98 8 00000000001011000110
98 9 00000011001100110001
98 10 00000010111000111110
98 11 00000001000110001111
98 12 00000001100110000011
98 13 00000010101001001111
98 14 00000010011000010011
98 15 00000010010010011010
98 16 11111101101011011011
98 17 00000001101111101110
98 18 11111011100000100100
98 19 00000011100000101001
99 0 00000010011001101010
99 1 00000011011100111110
99 2 00000000110100100011
99 3 00000001100000111100
99 4 00000010001010010011
99 5 00000010100011100001
99 6 11111011011010110110
99 7 00000010010010010000
99 8 00000000001011000110
99 9 00000011001100110001
99 10 00000010111000111110
99 11 00000001000110001111
99 12 00000001100110000011
99 13 00000010101001001111
99 14 00000010011000010011
99 15 00000010010010011010
99 16 11111101101011011011
99 17 00000001101111101110
99 18 11111011100000100100
99 19 00000011100000101001
100 0 00000010011001101010
100 1 00000011011100111110
100 2 00000000110100100011
100 3 00000001100000111100
100 4 00000010001010010011
100 5 00000010100011100001
100 6 11111011011010110110
100 7 00000010010010010000
100 8 00000000001011000110
100 9 00000011001100110001
100 10 00000010111000111110
100 11 00000001000110001111
100 12 00000001100110000011
100 13 00000010101001001111
100 14 00000010011000010011
100 15 00000010010010011010
100 16 11111101101011011011
100 17 00000001101111101110
100 18 11111011100000100100
100 19 00000011100000101001
101 0 00000010011001101010
101 1 00000011011100111110
101 2 00000000110100100011
101 3 00000001100000111100
101 4 00000010001010010011
101 5 00000010100011100001
101 6 11111011011010110110
101 7 00000010010010010000
101 8 00000000001011000110
101 9 00000011001100110001
101 10 00000010111000111110
101 11 00000001000110001111
101 12 00000001100110000011
101 13 00000010101001001111
101 14 00000010011000010011
101 15 00000010010010011010
101 16 11111101101011011011
101 17 00000001101111101110
101 18 11111011100000100100
101 19 00000011100000101001
