0 0 00000000000000000000
0 1 00000000000000000000
0 2 00000000000000000000
0 3 00000000000000000000
0 4 00000000000000000000
0 5 00000000000000000000
0 6 00000000000000000000
0 7 00000000000000000000
0 8 00000000000000000000
0 9 00000000000000000000
0 10 00000000000000000000
0 11 00000000000000000000
0 12 00000000000000000000
0 13 00000000000000000000
0 14 00000000000000000000
0 15 00000000000000000000
0 16 00000000000000000000
0 17 00000000000000000000
0 18 00000000000000000000
0 19 00000000000000000000
1 0 00000000000000000000
1 1 00000000000000000000
1 2 00000000000000000000
1 3 00000000000000000000
1 4 00000000000000000000
1 5 00000000000000000000
1 6 00000000000000000000
1 7 00000000000000000000
1 8 00000000000000000000
1 9 00000000000000000000
1 10 00000000000000000000
1 11 00000000000000000000
1 12 00000000000000000000
1 13 00000000000000000000
1 14 00000000000000000000
1 15 00000000000000000000
1 16 00000000000000000000
1 17 00000000000000000000
1 18 00000000000000000000
1 19 00000000000000000000
2 0 00000000000001101111
2 1 11111111111000100000
2 2 00000000000011000100
2 3 11111111111111001001
2 4 11111111111110000000
2 5 11111111111111000110
2 6 00000000000111101111
2 7 00000000000011000100
2 8 00000000000100101110
2 9 11111111110011101010
2 10 11111111111110100110
2 11 00000000000100110110
2 12 00000000000011111110
2 13 11111111111110100111
2 14 00000000000010000110
2 15 00000000000010001000
2 16 00000000000110101000
2 17 00000000000000111110
2 18 00000000000101010111
2 19 11111111111010110000
3 0 00000000000011011110
3 1 11111111110001000000
3 2 00000000000110001000
3 3 11111111111110010010
3 4 11111111111100000000
3 5 11111111111110001100
3 6 00000000001111011110
3 7 00000000000110001000
3 8 00000000001001011100
3 9 11111111100111010100
3 10 11111111111101001100
3 11 00000000001001101100
3 12 00000000000111111100
3 13 11111111111101001110
3 14 00000000000100001100
3 15 00000000000100010000
3 16 00000000001101010000
3 17 00000000000001111100
3 18 00000000001010101110
3 19 11111111110101100000
4 0 00000000000011011110
4 1 11111111110001000000
4 2 00000000000110001000
4 3 11111111111110010010
4 4 11111111111100000000
4 5 11111111111110001100
4 6 00000000001111011110
4 7 00000000000110001000
4 8 00000000001001011100
4 9 11111111100111010100
4 10 11111111111101001100
4 11 00000000001001101100
4 12 00000000000111111100
4 13 11111111111101001110
4 14 00000000000100001100
4 15 00000000000100010000
4 16 00000000001101010000
4 17 00000000000001111100
4 18 00000000001010101110
4 19 11111111110101100000
5 0 00000000000101001101
5 1 11111111101001100000
5 2 00000000001001001100
5 3 11111111111101011011
5 4 11111111111010000000
5 5 11111111111101010010
5 6 00000000010111001101
5 7 00000000001001001100
5 8 00000000001110001010
5 9 11111111011010111110
5 10 11111111111011110010
5 11 00000000001110100010
5 12 00000000001011111010
5 13 11111111111011110101
5 14 00000000000110010010
5 15 00000000000110011000
5 16 00000000010011111000
5 17 00000000000010111010
5 18 00000000010000000101
5 19 11111111110000010000
6 0 00000000000101001101
6 1 11111111101001100000
6 2 00000000001001001100
6 3 11111111111101011011
6 4 11111111111010000000
6 5 11111111111101010010
6 6 00000000010111001101
6 7 00000000001001001100
6 8 00000000001110001010
6 9 11111111011010111110
6 10 11111111111011110010
6 11 00000000001110100010
6 12 00000000001011111010
6 13 11111111111011110101
6 14 00000000000110010010
6 15 00000000000110011000
6 16 00000000010011111000
6 17 00000000000010111010
6 18 00000000010000000101
6 19 11111111110000010000
7 0 00000000000101001101
7 1 11111111101001100000
7 2 00000000001001001100
7 3 11111111111101011011
7 4 11111111111010000000
7 5 11111111111101010010
7 6 00000000010111001101
7 7 00000000001001001100
7 8 00000000001110001010
7 9 11111111011010111110
7 10 11111111111011110010
7 11 00000000001110100010
7 12 00000000001011111010
7 13 11111111111011110101
7 14 00000000000110010010
7 15 00000000000110011000
7 16 00000000010011111000
7 17 00000000000010111010
7 18 00000000010000000101
7 19 11111111110000010000
8 0 00000000000101001101
8 1 11111111101001100000
8 2 00000000001001001100
8 3 11111111111101011011
8 4 11111111111010000000
8 5 11111111111101010010
8 6 00000000010111001101
8 7 00000000001001001100
8 8 00000000001110001010
8 9 11111111011010111110
8 10 11111111111011110010
8 11 00000000001110100010
8 12 00000000001011111010
8 13 11111111111011110101
8 14 00000000000110010010
8 15 00000000000110011000
8 16 00000000010011111000
8 17 00000000000010111010
8 18 00000000010000000101
8 19 11111111110000010000
9 0 00000000000110111100
9 1 11111111100010000000
9 2 00000000001100010000
9 3 11111111111100100100
9 4 11111111111000000000
9 5 11111111111100011000
9 6 00000000011110111100
9 7 00000000001100010000
9 8 00000000010010111000
9 9 11111111001110101000
9 10 11111111111010011000
9 11 00000000010011011000
9 12 00000000001111111000
9 13 11111111111010011100
9 14 00000000001000011000
9 15 00000000001000100000
9 16 00000000011010100000
9 17 00000000000011111000
9 18 00000000010101011100
9 19 11111111101011000000
10 0 00000000000110111100
10 1 11111111100010000000
10 2 00000000001100010000
10 3 11111111111100100100
10 4 11111111111000000000
10 5 11111111111100011000
10 6 00000000011110111100
10 7 00000000001100010000
10 8 00000000010010111000
10 9 11111111001110101000
10 10 11111111111010011000
10 11 00000000010011011000
10 12 00000000001111111000
10 13 11111111111010011100
10 14 00000000001000011000
10 15 00000000001000100000
10 16 00000000011010100000
10 17 00000000000011111000
10 18 00000000010101011100
10 19 11111111101011000000
11 0 00000000000110111100
11 1 11111111100010000000
11 2 00000000001100010000
11 3 11111111111100100100
11 4 11111111111000000000
11 5 11111111111100011000
11 6 00000000011110111100
11 7 00000000001100010000
11 8 00000000010010111000
11 9 11111111001110101000
11 10 11111111111010011000
11 11 00000000010011011000
11 12 00000000001111111000
11 13 11111111111010011100
11 14 00000000001000011000
11 15 00000000001000100000
11 16 00000000011010100000
11 17 00000000000011111000
11 18 00000000010101011100
11 19 11111111101011000000
12 0 00000000000110111100
12 1 11111111100010000000
12 2 00000000001100010000
12 3 11111111111100100100
12 4 11111111111000000000
12 5 11111111111100011000
12 6 00000000011110111100
12 7 00000000001100010000
12 8 00000000010010111000
12 9 11111111001110101000
12 10 11111111111010011000
12 11 00000000010011011000
12 12 00000000001111111000
12 13 11111111111010011100
12 14 00000000001000011000
12 15 00000000001000100000
12 16 00000000011010100000
12 17 00000000000011111000
12 18 00000000010101011100
12 19 11111111101011000000
13 0 00000000001000101011
13 1 11111111011010100000
13 2 00000000001111010100
13 3 11111111111011101101
13 4 11111111110110000000
13 5 11111111111011011110
13 6 00000000100110101011
13 7 00000000001111010100
13 8 00000000010111100110
13 9 11111111000010010010
13 10 11111111111000111110
13 11 00000000011000001110
13 12 00000000010011110110
13 13 11111111111001000011
13 14 00000000001010011110
13 15 00000000001010101000
13 16 00000000100001001000
13 17 00000000000100110110
13 18 00000000011010110011
13 19 11111111100101110000
14 0 00000000001000101011
14 1 11111111011010100000
14 2 00000000001111010100
14 3 11111111111011101101
14 4 11111111110110000000
14 5 11111111111011011110
14 6 00000000100110101011
14 7 00000000001111010100
14 8 00000000010111100110
14 9 11111111000010010010
14 10 11111111111000111110
14 11 00000000011000001110
14 12 00000000010011110110
14 13 11111111111001000011
14 14 00000000001010011110
14 15 00000000001010101000
14 16 00000000100001001000
14 17 00000000000100110110
14 18 00000000011010110011
14 19 11111111100101110000
15 0 00000000001010011010
15 1 11111111010011000000
15 2 00000000010010011000
15 3 11111111111010110110
15 4 11111111110100000000
15 5 11111111111010100100
15 6 00000000101110011010
15 7 00000000010010011000
15 8 00000000011100010100
15 9 11111110110101111100
15 10 11111111110111100100
15 11 00000000011101000100
15 12 00000000010111110100
15 13 11111111110111101010
15 14 00000000001100100100
15 15 00000000001100110000
15 16 00000000100111110000
15 17 00000000000101110100
15 18 00000000100000001010
15 19 11111111100000100000
16 0 00000000001100001001
16 1 11111111001011100000
16 2 00000000010101011100
16 3 11111111111001111111
16 4 11111111110010000000
16 5 11111111111001101010
16 6 00000000110110001001
16 7 00000000010101011100
16 8 00000000100001000010
16 9 11111110101001100110
16 10 11111111110110001010
16 11 00000000100001111010
16 12 00000000011011110010
16 13 11111111110110010001
16 14 00000000001110101010
16 15 00000000001110111000
16 16 00000000101110011000
16 17 00000000000110110010
16 18 00000000100101100001
16 19 11111111011011010000
17 0 00000000001100001001
17 1 11111111001011100000
17 2 00000000010101011100
17 3 11111111111001111111
17 4 11111111110010000000
17 5 11111111111001101010
17 6 00000000110110001001
17 7 00000000010101011100
17 8 00000000100001000010
17 9 11111110101001100110
17 10 11111111110110001010
17 11 00000000100001111010
17 12 00000000011011110010
17 13 11111111110110010001
17 14 00000000001110101010
17 15 00000000001110111000
17 16 00000000101110011000
17 17 00000000000110110010
17 18 00000000100101100001
17 19 11111111011011010000
18 0 00000000001100001001
18 1 11111111001011100000
18 2 00000000010101011100
18 3 11111111111001111111
18 4 11111111110010000000
18 5 11111111111001101010
18 6 00000000110110001001
18 7 00000000010101011100
18 8 00000000100001000010
18 9 11111110101001100110
18 10 11111111110110001010
18 11 00000000100001111010
18 12 00000000011011110010
18 13 11111111110110010001
18 14 00000000001110101010
18 15 00000000001110111000
18 16 00000000101110011000
18 17 00000000000110110010
18 18 00000000100101100001
18 19 11111111011011010000
19 0 00000000001100001001
19 1 11111111001011100000
19 2 00000000010101011100
19 3 11111111111001111111
19 4 11111111110010000000
19 5 11111111111001101010
19 6 00000000110110001001
19 7 00000000010101011100
19 8 00000000100001000010
19 9 11111110101001100110
19 10 11111111110110001010
19 11 00000000100001111010
19 12 00000000011011110010
19 13 11111111110110010001
19 14 00000000001110101010
19 15 00000000001110111000
19 16 00000000101110011000
19 17 00000000000110110010
19 18 00000000100101100001
19 19 11111111011011010000
20 0 00000000001100001001
20 1 11111111001011100000
20 2 00000000010101011100
20 3 11111111111001111111
20 4 11111111110010000000
20 5 11111111111001101010
20 6 00000000110110001001
20 7 00000000010101011100
20 8 00000000100001000010
20 9 11111110101001100110
20 10 11111111110110001010
20 11 00000000100001111010
20 12 00000000011011110010
20 13 11111111110110010001
20 14 00000000001110101010
20 15 00000000001110111000
20 16 00000000101110011000
20 17 00000000000110110010
20 18 00000000100101100001
20 19 11111111011011010000
21 0 00000000001100001001
21 1 11111111001011100000
21 2 00000000010101011100
21 3 11111111111001111111
21 4 11111111110010000000
21 5 11111111111001101010
21 6 00000000110110001001
21 7 00000000010101011100
21 8 00000000100001000010
21 9 11111110101001100110
21 10 11111111110110001010
21 11 00000000100001111010
21 12 00000000011011110010
21 13 11111111110110010001
21 14 00000000001110101010
21 15 00000000001110111000
21 16 00000000101110011000
21 17 00000000000110110010
21 18 00000000100101100001
21 19 11111111011011010000
22 0 00000000001100001001
22 1 11111111001011100000
22 2 00000000010101011100
22 3 11111111111001111111
22 4 11111111110010000000
22 5 11111111111001101010
22 6 00000000110110001001
22 7 00000000010101011100
22 8 00000000100001000010
22 9 11111110101001100110
22 10 11111111110110001010
22 11 00000000100001111010
22 12 00000000011011110010
22 13 11111111110110010001
22 14 00000000001110101010
22 15 00000000001110111000
22 16 00000000101110011000
22 17 00000000000110110010
22 18 00000000100101100001
22 19 11111111011011010000
23 0 00000000010001010010
23 1 11111111010011010010
23 2 00000000001110111000
23 3 11111111110100100001
23 4 11111111110100010100
23 5 11111111111101000110
23 6 00000000110010010111
23 7 00000000011011011100
23 8 00000000010110100101
23 9 11111110110000010011
23 10 11111111110111110010
23 11 00000000100011110011
23 12 00000000100100010100
23 13 11111111110100101110
23 14 00000000001101100111
23 15 00000000001101010111
23 16 00000000110001010110
23 17 00000000001010010011
23 18 00000000100000101000
23 19 11111111100010111011
24 0 00000000010111111101
24 1 11111111011011100000
24 2 00000000010010111010
24 3 11111111111001111101
24 4 11111111110001111101
24 5 11111111111101111101
24 6 00000000101111010001
24 7 00000000100010010011
24 8 00000000010011010011
24 9 11111110111000000101
24 10 11111111111101010111
24 11 00000000100110101100
24 12 00000000101010110101
24 13 11111111110010111111
24 14 00000000010000111100
24 15 00000000001111100010
24 16 00000000110011000010
24 17 00000000010011000001
24 18 00000000010011010111
24 19 11111111101011110100
25 0 00000000011010100111
25 1 11111111011101001110
25 2 00000000010101111110
25 3 11111111111101000110
25 4 11111111110100000010
25 5 11111111111110110101
25 6 00000000101101001001
25 7 00000000100011010111
25 8 00000000010100100001
25 9 11111110111000110110
25 10 00000000000000100000
25 11 00000000100110000100
25 12 00000000101010011001
25 13 11111111110100000001
25 14 00000000010011010010
25 15 00000000010010001100
25 16 00000000101111111011
25 17 00000000010100011101
25 18 00000000001011010001
25 19 11111111101101100111
26 0 00000000011110101101
26 1 11111111100001011000
26 2 00000000010011010111
26 3 11111111111010110111
26 4 11111111111010101101
26 5 00000000000011010100
26 6 00000000101000010001
26 7 00000000100101110101
26 8 00000000010010100100
26 9 11111110111011000110
26 10 00000000000100000011
26 11 00000000100110001001
26 12 00000000101100011100
26 13 11111111110111111001
26 14 00000000010101101010
26 15 00000000010100110111
26 16 00000000101100100101
26 17 00000000010100001111
26 18 00000000000100000110
26 19 11111111110001000100
27 0 00000000100000001001
27 1 11111111100011110100
27 2 00000000001101101100
27 3 11111111110101011111
27 4 11111111111111010011
27 5 00000000000110111011
27 6 00000000100101100001
27 7 00000000100111001111
27 8 00000000001111011001
27 9 11111110111100100101
27 10 00000000000100011101
27 11 00000000100110110110
27 12 00000000101110111011
27 13 11111111111010101111
27 14 00000000010101101100
27 15 00000000010100111000
27 16 00000000101100010110
27 17 00000000010010100101
27 18 00000000000101000001
27 19 11111111110010101110
28 0 00000000100001100101
28 1 11111111100110010000
28 2 00000000001000000001
28 3 11111111110000000111
28 4 00000000000011111001
28 5 00000000001010100010
28 6 00000000100010110001
28 7 00000000101000101001
28 8 00000000001100001110
28 9 11111110111110000100
28 10 00000000000100110111
28 11 00000000100111100011
28 12 00000000110001011010
28 13 11111111111101100101
28 14 00000000010101101110
28 15 00000000010100111001
28 16 00000000101100000111
28 17 00000000010000111011
28 18 00000000000101111100
28 19 11111111110100011000
29 0 00000000100010001001
29 1 11111111101010110000
29 2 00000000000010000000
29 3 11111111101011010010
29 4 00000000001000111011
29 5 00000000010000010011
29 6 00000000011001011111
29 7 00000000101011000101
29 8 00000000001000010110
29 9 11111111000011001000
29 10 00000000000101010100
29 11 00000000101001010110
29 12 00000000110101000001
29 13 00000000000010011010
29 14 00000000010101110011
29 15 00000000010101010001
29 16 00000000101001010001
29 17 00000000001111110001
29 18 00000000001001111110
29 19 11111111111000110110
30 0 00000000100010101101
30 1 11111111101111010000
30 2 11111111111011111111
30 3 11111111100110011101
30 4 00000000001101111101
30 5 00000000010110000100
30 6 00000000010000001101
30 7 00000000101101100001
30 8 00000000000100011110
30 9 11111111001000001100
30 10 00000000000101110001
30 11 00000000101011001001
30 12 00000000111000101000
30 13 00000000000111001111
30 14 00000000010101111000
30 15 00000000010101101001
30 16 00000000100110011011
30 17 00000000001110100111
30 18 00000000001110000000
30 19 11111111111101010100
31 0 00000000100011010001
31 1 11111111110011110000
31 2 11111111110101111110
31 3 11111111100001101000
31 4 00000000010010111111
31 5 00000000011011110101
31 6 00000000000110111011
31 7 00000000101111111101
31 8 00000000000000100110
31 9 11111111001101010000
31 10 00000000000110001110
31 11 00000000101100111100
31 12 00000000111100001111
31 13 00000000001100000100
31 14 00000000010101111101
31 15 00000000010110000001
31 16 00000000100011100101
31 17 00000000001101011101
31 18 00000000010010000010
31 19 00000000000001110010
32 0 00000000100011110101
32 1 11111111111000010000
32 2 11111111101111111101
32 3 11111111011100110011
32 4 00000000011000000001
32 5 00000000100001100110
32 6 11111111111101101001
32 7 00000000110010011001
32 8 11111111111100101110
32 9 11111111010010010100
32 10 00000000000110101011
32 11 00000000101110101111
32 12 00000000111111110110
32 13 00000000010000111001
32 14 00000000010110000010
32 15 00000000010110011001
32 16 00000000100000101111
32 17 00000000001100010011
32 18 00000000010110000100
32 19 00000000000110010000
33 0 00000000100100011001
33 1 11111111111100110000
33 2 11111111101001111100
33 3 11111111010111111110
33 4 00000000011101000011
33 5 00000000100111010111
33 6 11111111110100010111
33 7 00000000110100110101
33 8 11111111111000110110
33 9 11111111010111011000
33 10 00000000000111001000
33 11 00000000110000100010
33 12 00000001000011011101
33 13 00000000010101101110
33 14 00000000010110000111
33 15 00000000010110110001
33 16 00000000011101111001
33 17 00000000001011001001
33 18 00000000011010000110
33 19 00000000001010101110
34 0 00000000100101110101
34 1 11111111111111001100
34 2 11111111100100010001
34 3 11111111010010100110
34 4 00000000100001101001
34 5 00000000101010111110
34 6 11111111110001100111
34 7 00000000110110001111
34 8 11111111110101101011
34 9 11111111011000110111
34 10 00000000000111100010
34 11 00000000110001001111
34 12 00000001000101111100
34 13 00000000011000100100
34 14 00000000010110001001
34 15 00000000010110110010
34 16 00000000011101101010
34 17 00000000001001011111
34 18 00000000011011000001
34 19 00000000001100011000
35 0 00000000100110011001
35 1 00000000000011101100
35 2 11111111011110010000
35 3 11111111001101110001
35 4 00000000100110101011
35 5 00000000110000101111
35 6 11111111101000010101
35 7 00000000111000101011
35 8 11111111110001110011
35 9 11111111011101111011
35 10 00000000000111111111
35 11 00000000110011000010
35 12 00000001001001100011
35 13 00000000011101011001
35 14 00000000010110001110
35 15 00000000010111001010
35 16 00000000011010110100
35 17 00000000001000010101
35 18 00000000011111000011
35 19 00000000010000110110
36 0 00000000100110111101
36 1 00000000001000001100
36 2 11111111011000001111
36 3 11111111001000111100
36 4 00000000101011101101
36 5 00000000110110100000
36 6 11111111011111000011
36 7 00000000111011000111
36 8 11111111101101111011
36 9 11111111100010111111
36 10 00000000001000011100
36 11 00000000110100110101
36 12 00000001001101001010
36 13 00000000100010001110
36 14 00000000010110010011
36 15 00000000010111100010
36 16 00000000010111111110
36 17 00000000000111001011
36 18 00000000100011000101
36 19 00000000010101010100
37 0 00000000100111100001
37 1 00000000001100101100
37 2 11111111010010001110
37 3 11111111000100000111
37 4 00000000110000101111
37 5 00000000111100010001
37 6 11111111010101110001
37 7 00000000111101100011
37 8 11111111101010000011
37 9 11111111101000000011
37 10 00000000001000111001
37 11 00000000110110101000
37 12 00000001010000110001
37 13 00000000100111000011
37 14 00000000010110011000
37 15 00000000010111111010
37 16 00000000010101001000
37 17 00000000000110000001
37 18 00000000100111000111
37 19 00000000011001110010
38 0 00000000101000000101
38 1 00000000010001001100
38 2 11111111001100001101
38 3 11111110111111010010
38 4 00000000110101110001
38 5 00000001000010000010
38 6 11111111001100011111
38 7 00000000111111111111
38 8 11111111100110001011
38 9 11111111101101000111
38 10 00000000001001010110
38 11 00000000111000011011
38 12 00000001010100011000
38 13 00000000101011111000
38 14 00000000010110011101
38 15 00000000011000010010
38 16 00000000010010010010
38 17 00000000000100110111
38 18 00000000101011001001
38 19 00000000011110010000
39 0 00000000101000101001
39 1 00000000010101101100
39 2 11111111000110001100
39 3 11111110111010011101
39 4 00000000111010110011
39 5 00000001000111110011
39 6 11111111000011001101
39 7 00000001000010011011
39 8 11111111100010010011
39 9 11111111110010001011
39 10 00000000001001110011
39 11 00000000111010001110
39 12 00000001010111111111
39 13 00000000110000101101
39 14 00000000010110100010
39 15 00000000011000101010
39 16 00000000001111011100
39 17 00000000000011101101
39 18 00000000101111001011
39 19 00000000100010101110
40 0 00000000101001001101
40 1 00000000011010001100
40 2 11111111000000001011
40 3 11111110110101101000
40 4 00000000111111110101
40 5 00000001001101100100
40 6 11111110111001111011
40 7 00000001000100110111
40 8 11111111011110011011
40 9 11111111110111001111
40 10 00000000001010010000
40 11 00000000111100000001
40 12 00000001011011100110
40 13 00000000110101100010
40 14 00000000010110100111
40 15 00000000011001000010
40 16 00000000001100100110
40 17 00000000000010100011
40 18 00000000110011001101
40 19 00000000100111001100
41 0 00000000101001110001
41 1 00000000011110101100
41 2 11111110111010001010
41 3 11111110110000110011
41 4 00000001000100110111
41 5 00000001010011010101
41 6 11111110110000101001
41 7 00000001000111010011
41 8 11111111011010100011
41 9 11111111111100010011
41 10 00000000001010101101
41 11 00000000111101110100
41 12 00000001011111001101
41 13 00000000111010010111
41 14 00000000010110101100
41 15 00000000011001011010
41 16 00000000001001110000
41 17 00000000000001011001
41 18 00000000110111001111
41 19 00000000101011101010
42 0 00000000101010010101
42 1 00000000100011001100
42 2 11111110110100001001
42 3 11111110101011111110
42 4 00000001001001111001
42 5 00000001011001000110
42 6 11111110100111010111
42 7 00000001001001101111
42 8 11111111010110101011
42 9 00000000000001010111
42 10 00000000001011001010
42 11 00000000111111100111
42 12 00000001100010110100
42 13 00000000111111001100
42 14 00000000010110110001
42 15 00000000011001110010
42 16 00000000000110111010
42 17 00000000000000001111
42 18 00000000111011010001
42 19 00000000110000001000
43 0 00000000101010111001
43 1 00000000100111101100
43 2 11111110101110001000
43 3 11111110100111001001
43 4 00000001001110111011
43 5 00000001011110110111
43 6 11111110011110000101
43 7 00000001001100001011
43 8 11111111010010110011
43 9 00000000000110011011
43 10 00000000001011100111
43 11 00000001000001011010
43 12 00000001100110011011
43 13 00000001000100000001
43 14 00000000010110110110
43 15 00000000011010001010
43 16 00000000000100000100
43 17 11111111111111000101
43 18 00000000111111010011
43 19 00000000110100100110
44 0 00000000101011011101
44 1 00000000101100001100
44 2 11111110101000000111
44 3 11111110100010010100
44 4 00000001010011111101
44 5 00000001100100101000
44 6 11111110010100110011
44 7 00000001001110100111
44 8 11111111001110111011
44 9 00000000001011011111
44 10 00000000001100000100
44 11 00000001000011001101
44 12 00000001101010000010
44 13 00000001001000110110
44 14 00000000010110111011
44 15 00000000011010100010
44 16 00000000000001001110
44 17 11111111111101111011
44 18 00000001000011010101
44 19 00000000111001000100
45 0 00000000101100111001
45 1 00000000101110101000
45 2 11111110100010011100
45 3 11111110011100111100
45 4 00000001011000100011
45 5 00000001101000001111
45 6 11111110010010000011
45 7 00000001010000000001
45 8 11111111001011110000
45 9 00000000001100111110
45 10 00000000001100011110
45 11 00000001000011111010
45 12 00000001101100100001
45 13 00000001001011101100
45 14 00000000010110111101
45 15 00000000011010100011
45 16 00000000000000111111
45 17 11111111111100010001
45 18 00000001000100010000
45 19 00000000111010101110
46 0 00000000101110010101
46 1 00000000110001000100
46 2 11111110011100110001
46 3 11111110010111100100
46 4 00000001011101001001
46 5 00000001101011110110
46 6 11111110001111010011
46 7 00000001010001011011
46 8 11111111001000100101
46 9 00000000001110011101
46 10 00000000001100111000
46 11 00000001000100100111
46 12 00000001101111000000
46 13 00000001001110100010
46 14 00000000010110111111
46 15 00000000011010100100
46 16 00000000000000110000
46 17 11111111111010100111
46 18 00000001000101001011
46 19 00000000111100011000
47 0 00000000101110111001
47 1 00000000110101100100
47 2 11111110010110110000
47 3 11111110010010101111
47 4 00000001100010001011
47 5 00000001110001100111
47 6 11111110000110000001
47 7 00000001010011110111
47 8 11111111000100101101
47 9 00000000010011100001
47 10 00000000001101010101
47 11 00000001000110011010
47 12 00000001110010100111
47 13 00000001010011010111
47 14 00000000010111000100
47 15 00000000011010111100
47 16 11111111111101111010
47 17 11111111111001011101
47 18 00000001001001001101
47 19 00000001000000110110
48 0 00000000101111011101
48 1 00000000111010000100
48 2 11111110010000101111
48 3 11111110001101111010
48 4 00000001100111001101
48 5 00000001110111011000
48 6 11111101111100101111
48 7 00000001010110010011
48 8 11111111000000110101
48 9 00000000011000100101
48 10 00000000001101110010
48 11 00000001001000001101
48 12 00000001110110001110
48 13 00000001011000001100
48 14 00000000010111001001
48 15 00000000011011010100
48 16 11111111111011000100
48 17 11111111111000010011
48 18 00000001001101001111
48 19 00000001000101010100
49 0 00000000110000000001
49 1 00000000111110100100
49 2 11111110001010101110
49 3 11111110001001000101
49 4 00000001101100001111
49 5 00000001111101001001
49 6 11111101110011011101
49 7 00000001011000101111
49 8 11111110111100111101
49 9 00000000011101101001
49 10 00000000001110001111
49 11 00000001001010000000
49 12 00000001111001110101
49 13 00000001011101000001
49 14 00000000010111001110
49 15 00000000011011101100
49 16 11111111111000001110
49 17 11111111110111001001
49 18 00000001010001010001
49 19 00000001001001110010
50 0 00000000110000100101
50 1 00000001000011000100
50 2 11111110000100101101
50 3 11111110000100010000
50 4 00000001110001010001
50 5 00000010000010111010
50 6 11111101101010001011
50 7 00000001011011001011
50 8 11111110111001000101
50 9 00000000100010101101
50 10 00000000001110101100
50 11 00000001001011110011
50 12 00000001111101011100
50 13 00000001100001110110
50 14 00000000010111010011
50 15 00000000011100000100
50 16 11111111110101011000
50 17 11111111110101111111
50 18 00000001010101010011
50 19 00000001001110010000
51 0 00000000110001001001
51 1 00000001000111100100
51 2 11111101111110101100
51 3 11111101111111011011
51 4 00000001110110010011
51 5 00000010001000101011
51 6 11111101100000111001
51 7 00000001011101100111
51 8 11111110110101001101
51 9 00000000100111110001
51 10 00000000001111001001
51 11 00000001001101100110
51 12 00000010000001000011
51 13 00000001100110101011
51 14 00000000010111011000
51 15 00000000011100011100
51 16 11111111110010100010
51 17 11111111110100110101
51 18 00000001011001010101
51 19 00000001010010101110
52 0 00000000110001101101
52 1 00000001001100000100
52 2 11111101111000101011
52 3 11111101111010100110
52 4 00000001111011010101
52 5 00000010001110011100
52 6 11111101010111100111
52 7 00000001100000000011
52 8 11111110110001010101
52 9 00000000101100110101
52 10 00000000001111100110
52 11 00000001001111011001
52 12 00000010000100101010
52 13 00000001101011100000
52 14 00000000010111011101
52 15 00000000011100110100
52 16 11111111101111101100
52 17 11111111110011101011
52 18 00000001011101010111
52 19 00000001010111001100
53 0 00000000110010010001
53 1 00000001010000100100
53 2 11111101110010101010
53 3 11111101110101110001
53 4 00000010000000010111
53 5 00000010010100001101
53 6 11111101001110010101
53 7 00000001100010011111
53 8 11111110101101011101
53 9 00000000110001111001
53 10 00000000010000000011
53 11 00000001010001001100
53 12 00000010001000010001
53 13 00000001110000010101
53 14 00000000010111100010
53 15 00000000011101001100
53 16 11111111101100110110
53 17 11111111110010100001
53 18 00000001100001011001
53 19 00000001011011101010
54 0 00000000110011101101
54 1 00000001010011000000
54 2 11111101101100111111
54 3 11111101110000011001
54 4 00000010000100111101
54 5 00000010010111110100
54 6 11111101001011100101
54 7 00000001100011111001
54 8 11111110101010010010
54 9 00000000110011011000
54 10 00000000010000011101
54 11 00000001010001111001
54 12 00000010001010110000
54 13 00000001110011001011
54 14 00000000010111100100
54 15 00000000011101001101
54 16 11111111101100100111
54 17 11111111110000110111
54 18 00000001100010010100
54 19 00000001011101010100
55 0 00000000110011101101
55 1 00000001010011000000
55 2 11111101101100111111
55 3 11111101110000011001
55 4 00000010000100111101
55 5 00000010010111110100
55 6 11111101001011100101
55 7 00000001100011111001
55 8 11111110101010010010
55 9 00000000110011011000
55 10 00000000010000011101
55 11 00000001010001111001
55 12 00000010001010110000
55 13 00000001110011001011
55 14 00000000010111100100
55 15 00000000011101001101
55 16 11111111101100100111
55 17 11111111110000110111
55 18 00000001100010010100
55 19 00000001011101010100
56 0 00000000110011101101
56 1 00000001010011000000
56 2 11111101101100111111
56 3 11111101110000011001
56 4 00000010000100111101
56 5 00000010010111110100
56 6 11111101001011100101
56 7 00000001100011111001
56 8 11111110101010010010
56 9 00000000110011011000
56 10 00000000010000011101
56 11 00000001010001111001
56 12 00000010001010110000
56 13 00000001110011001011
56 14 00000000010111100100
56 15 00000000011101001101
56 16 11111111101100100111
56 17 11111111110000110111
56 18 00000001100010010100
56 19 00000001011101010100
57 0 00000000110100010001
57 1 00000001010111100000
57 2 11111101100110111110
57 3 11111101101011100100
57 4 00000010001001111111
57 5 00000010011101100101
57 6 11111101000010010011
57 7 00000001100110010101
57 8 11111110100110011010
57 9 00000000111000011100
57 10 00000000010000111010
57 11 00000001010011101100
57 12 00000010001110010111
57 13 00000001111000000000
57 14 00000000010111101001
57 15 00000000011101100101
57 16 11111111101001110001
57 17 11111111101111101101
57 18 00000001100110010110
57 19 00000001100001110010
58 0 00000000110100110101
58 1 00000001011100000000
58 2 11111101100000111101
58 3 11111101100110101111
58 4 00000010001111000001
58 5 00000010100011010110
58 6 11111100111001000001
58 7 00000001101000110001
58 8 11111110100010100010
58 9 00000000111101100000
58 10 00000000010001010111
58 11 00000001010101011111
58 12 00000010010001111110
58 13 00000001111100110101
58 14 00000000010111101110
58 15 00000000011101111101
58 16 11111111100110111011
58 17 11111111101110100011
58 18 00000001101010011000
58 19 00000001100110010000
59 0 00000000110100110101
59 1 00000001011100000000
59 2 11111101100000111101
59 3 11111101100110101111
59 4 00000010001111000001
59 5 00000010100011010110
59 6 11111100111001000001
59 7 00000001101000110001
59 8 11111110100010100010
59 9 00000000111101100000
59 10 00000000010001010111
59 11 00000001010101011111
59 12 00000010010001111110
59 13 00000001111100110101
59 14 00000000010111101110
59 15 00000000011101111101
59 16 11111111100110111011
59 17 11111111101110100011
59 18 00000001101010011000
59 19 00000001100110010000
60 0 00000000110100110101
60 1 00000001011100000000
60 2 11111101100000111101
60 3 11111101100110101111
60 4 00000010001111000001
60 5 00000010100011010110
60 6 11111100111001000001
60 7 00000001101000110001
60 8 11111110100010100010
60 9 00000000111101100000
60 10 00000000010001010111
60 11 00000001010101011111
60 12 00000010010001111110
60 13 00000001111100110101
60 14 00000000010111101110
60 15 00000000011101111101
60 16 11111111100110111011
60 17 11111111101110100011
60 18 00000001101010011000
60 19 00000001100110010000
61 0 00000000110100110101
61 1 00000001011100000000
61 2 11111101100000111101
61 3 11111101100110101111
61 4 00000010001111000001
61 5 00000010100011010110
61 6 11111100111001000001
61 7 00000001101000110001
61 8 11111110100010100010
61 9 00000000111101100000
61 10 00000000010001010111
61 11 00000001010101011111
61 12 00000010010001111110
61 13 00000001111100110101
61 14 00000000010111101110
61 15 00000000011101111101
61 16 11111111100110111011
61 17 11111111101110100011
61 18 00000001101010011000
61 19 00000001100110010000
62 0 00000000110100110101
62 1 00000001011100000000
62 2 11111101100000111101
62 3 11111101100110101111
62 4 00000010001111000001
62 5 00000010100011010110
62 6 11111100111001000001
62 7 00000001101000110001
62 8 11111110100010100010
62 9 00000000111101100000
62 10 00000000010001010111
62 11 00000001010101011111
62 12 00000010010001111110
62 13 00000001111100110101
62 14 00000000010111101110
62 15 00000000011101111101
62 16 11111111100110111011
62 17 11111111101110100011
62 18 00000001101010011000
62 19 00000001100110010000
63 0 00000000110100110101
63 1 00000001011100000000
63 2 11111101100000111101
63 3 11111101100110101111
63 4 00000010001111000001
63 5 00000010100011010110
63 6 11111100111001000001
63 7 00000001101000110001
63 8 11111110100010100010
63 9 00000000111101100000
63 10 00000000010001010111
63 11 00000001010101011111
63 12 00000010010001111110
63 13 00000001111100110101
63 14 00000000010111101110
63 15 00000000011101111101
63 16 11111111100110111011
63 17 11111111101110100011
63 18 00000001101010011000
63 19 00000001100110010000
64 0 00000000110100110101
64 1 00000001011100000000
64 2 11111101100000111101
64 3 11111101100110101111
64 4 00000010001111000001
64 5 00000010100011010110
64 6 11111100111001000001
64 7 00000001101000110001
64 8 11111110100010100010
64 9 00000000111101100000
64 10 00000000010001010111
64 11 00000001010101011111
64 12 00000010010001111110
64 13 00000001111100110101
64 14 00000000010111101110
64 15 00000000011101111101
64 16 11111111100110111011
64 17 11111111101110100011
64 18 00000001101010011000
64 19 00000001100110010000
65 0 00000000110111011111
65 1 00000001011101101110
65 2 11111101100100000001
65 3 11111101101001111000
65 4 00000010010001000110
65 5 00000010100100001110
65 6 11111100110110111001
65 7 00000001101001110101
65 8 11111110100011110000
65 9 00000000111110010001
65 10 00000000010100100000
65 11 00000001010100110111
65 12 00000010010001100010
65 13 00000001111101110111
65 14 00000000011010000100
65 15 00000000100000100111
65 16 11111111100011110100
65 17 11111111101111111111
65 18 00000001100010010010
65 19 00000001101000000011
66 0 00000000111010011101
66 1 00000001100000100110
66 2 11111101101000111100
66 3 11111101101111011010
66 4 00000010010001000001
66 5 00000010100101010000
66 6 11111100110100110101
66 7 00000001101100000110
66 8 11111110100111110000
66 9 00000001000000110101
66 10 00000000011000110111
66 11 00000001010110100100
66 12 00000010010010000000
66 13 00000010000000100001
66 14 00000000011110011110
66 15 00000000100100010100
66 16 11111111100010010011
66 17 11111111110011100010
66 18 00000001011010110101
66 19 00000001101010111011
67 0 00000000111101011011
67 1 00000001100011011110
67 2 11111101101101110111
67 3 11111101110100111100
67 4 00000010010000111100
67 5 00000010100110010010
67 6 11111100110010110001
67 7 00000001101110010111
67 8 11111110101011110000
67 9 00000001000011011001
67 10 00000000011101001110
67 11 00000001011000010001
67 12 00000010010010011110
67 13 00000010000011001011
67 14 00000000100010111000
67 15 00000000101000000001
67 16 11111111100000110010
67 17 11111111110111000101
67 18 00000001010011011000
67 19 00000001101101110011
68 0 00000001000000011001
68 1 00000001100110010110
68 2 11111101110010110010
68 3 11111101111010011110
68 4 00000010010000110111
68 5 00000010100111010100
68 6 11111100110000101101
68 7 00000001110000101000
68 8 11111110101111110000
68 9 00000001000101111101
68 10 00000000100001100101
68 11 00000001011001111110
68 12 00000010010010111100
68 13 00000010000101110101
68 14 00000000100111010010
68 15 00000000101011101110
68 16 11111111011111010001
68 17 11111111111010101000
68 18 00000001001011111011
68 19 00000001110000101011
69 0 00000001000011010111
69 1 00000001101001001110
69 2 11111101110111101101
69 3 11111110000000000000
69 4 00000010010000110010
69 5 00000010101000010110
69 6 11111100101110101001
69 7 00000001110010111001
69 8 11111110110011110000
69 9 00000001001000100001
69 10 00000000100101111100
69 11 00000001011011101011
69 12 00000010010011011010
69 13 00000010001000011111
69 14 00000000101011101100
69 15 00000000101111011011
69 16 11111111011101110000
69 17 11111111111110001011
69 18 00000001000100011110
69 19 00000001110011100011
70 0 00000001000110010101
70 1 00000001101100000110
70 2 11111101111100101000
70 3 11111110000101100010
70 4 00000010010000101101
70 5 00000010101001011000
70 6 11111100101100100101
70 7 00000001110101001010
70 8 11111110110111110000
70 9 00000001001011000101
70 10 00000000101010010011
70 11 00000001011101011000
70 12 00000010010011111000
70 13 00000010001011001001
70 14 00000000110000000110
70 15 00000000110011001000
70 16 11111111011100001111
70 17 00000000000001101110
70 18 00000000111101000001
70 19 00000001110110011011
71 0 00000001001001010011
71 1 00000001101110111110
71 2 11111110000001100011
71 3 11111110001011000100
71 4 00000010010000101000
71 5 00000010101010011010
71 6 11111100101010100001
71 7 00000001110111011011
71 8 11111110111011110000
71 9 00000001001101101001
71 10 00000000101110101010
71 11 00000001011111000101
71 12 00000010010100010110
71 13 00000010001101110011
71 14 00000000110100100000
71 15 00000000110110110101
71 16 11111111011010101110
71 17 00000000000101010001
71 18 00000000110101100100
71 19 00000001111001010011
72 0 00000001001100010001
72 1 00000001110001110110
72 2 11111110000110011110
72 3 11111110010000100110
72 4 00000010010000100011
72 5 00000010101011011100
72 6 11111100101000011101
72 7 00000001111001101100
72 8 11111110111111110000
72 9 00000001010000001101
72 10 00000000110011000001
72 11 00000001100000110010
72 12 00000010010100110100
72 13 00000010010000011101
72 14 00000000111000111010
72 15 00000000111010100010
72 16 11111111011001001101
72 17 00000000001000110100
72 18 00000000101110000111
72 19 00000001111100001011
73 0 00000001001111001111
73 1 00000001110100101110
73 2 11111110001011011001
73 3 11111110010110001000
73 4 00000010010000011110
73 5 00000010101100011110
73 6 11111100100110011001
73 7 00000001111011111101
73 8 11111111000011110000
73 9 00000001010010110001
73 10 00000000110111011000
73 11 00000001100010011111
73 12 00000010010101010010
73 13 00000010010011000111
73 14 00000000111101010100
73 15 00000000111110001111
73 16 11111111010111101100
73 17 00000000001100010111
73 18 00000000100110101010
73 19 00000001111111000011
74 0 00000001010010001101
74 1 00000001110111100110
74 2 11111110010000010100
74 3 11111110011011101010
74 4 00000010010000011001
74 5 00000010101101100000
74 6 11111100100100010101
74 7 00000001111110001110
74 8 11111111000111110000
74 9 00000001010101010101
74 10 00000000111011101111
74 11 00000001100100001100
74 12 00000010010101110000
74 13 00000010010101110001
74 14 00000001000001101110
74 15 00000001000001111100
74 16 11111111010110001011
74 17 00000000001111111010
74 18 00000000011111001101
74 19 00000010000001111011
75 0 00000001010100110111
75 1 00000001111001010100
75 2 11111110010011011000
75 3 11111110011110110011
75 4 00000010010010011110
75 5 00000010101110011000
75 6 11111100100010001101
75 7 00000001111111010010
75 8 11111111001000111110
75 9 00000001010110000110
75 10 00000000111110111000
75 11 00000001100011100100
75 12 00000010010101010100
75 13 00000010010110110011
75 14 00000001000100000100
75 15 00000001000100100110
75 16 11111111010011000100
75 17 00000000010001010110
75 18 00000000010111000111
75 19 00000010000011101110
76 0 00000001010111110101
76 1 00000001111100001100
76 2 11111110011000010011
76 3 11111110100100010101
76 4 00000010010010011001
76 5 00000010101111011010
76 6 11111100100000001001
76 7 00000010000001100011
76 8 11111111001100111110
76 9 00000001011000101010
76 10 00000001000011001111
76 11 00000001100101010001
76 12 00000010010101110010
76 13 00000010011001011101
76 14 00000001001000011110
76 15 00000001001000010011
76 16 11111111010001100011
76 17 00000000010100111001
76 18 00000000001111101010
76 19 00000010000110100110
77 0 00000001011010011111
77 1 00000001111101111010
77 2 11111110011011010111
77 3 11111110100111011110
77 4 00000010010100011110
77 5 00000010110000010010
77 6 11111100011110000001
77 7 00000010000010100111
77 8 11111111001110001100
77 9 00000001011001011011
77 10 00000001000110011000
77 11 00000001100100101001
77 12 00000010010101010110
77 13 00000010011010011111
77 14 00000001001010110100
77 15 00000001001010111101
77 16 11111111001110011100
77 17 00000000010110010101
77 18 00000000000111100100
77 19 00000010001000011001
78 0 00000001011010011111
78 1 00000001111101111010
78 2 11111110011011010111
78 3 11111110100111011110
78 4 00000010010100011110
78 5 00000010110000010010
78 6 11111100011110000001
78 7 00000010000010100111
78 8 11111111001110001100
78 9 00000001011001011011
78 10 00000001000110011000
78 11 00000001100100101001
78 12 00000010010101010110
78 13 00000010011010011111
78 14 00000001001010110100
78 15 00000001001010111101
78 16 11111111001110011100
78 17 00000000010110010101
78 18 00000000000111100100
78 19 00000010001000011001
79 0 00000001011010011111
79 1 00000001111101111010
79 2 11111110011011010111
79 3 11111110100111011110
79 4 00000010010100011110
79 5 00000010110000010010
79 6 11111100011110000001
79 7 00000010000010100111
79 8 11111111001110001100
79 9 00000001011001011011
79 10 00000001000110011000
79 11 00000001100100101001
79 12 00000010010101010110
79 13 00000010011010011111
79 14 00000001001010110100
79 15 00000001001010111101
79 16 11111111001110011100
79 17 00000000010110010101
79 18 00000000000111100100
79 19 00000010001000011001
80 0 00000001011010011111
80 1 00000001111101111010
80 2 11111110011011010111
80 3 11111110100111011110
80 4 00000010010100011110
80 5 00000010110000010010
80 6 11111100011110000001
80 7 00000010000010100111
80 8 11111111001110001100
80 9 00000001011001011011
80 10 00000001000110011000
80 11 00000001100100101001
80 12 00000010010101010110
80 13 00000010011010011111
80 14 00000001001010110100
80 15 00000001001010111101
80 16 11111111001110011100
80 17 00000000010110010101
80 18 00000000000111100100
80 19 00000010001000011001
81 0 00000001011010110011
81 1 00000001111111000100
81 2 11111110011101001110
81 3 11111110101001110111
81 4 00000010010010010100
81 5 00000010110000011100
81 6 11111100011110000101
81 7 00000010000011110100
81 8 11111111010000111110
81 9 00000001011011001110
81 10 00000001000111100110
81 11 00000001100110111110
81 12 00000010010110010000
81 13 00000010011100000111
81 14 00000001001100111000
81 15 00000001001100000000
81 16 11111111010000000010
81 17 00000000011000011100
81 18 00000000001000001101
81 19 00000010001001011110
82 0 00000001011010110011
82 1 00000001111111000100
82 2 11111110011101001110
82 3 11111110101001110111
82 4 00000010010010010100
82 5 00000010110000011100
82 6 11111100011110000101
82 7 00000010000011110100
82 8 11111111010000111110
82 9 00000001011011001110
82 10 00000001000111100110
82 11 00000001100110111110
82 12 00000010010110010000
82 13 00000010011100000111
82 14 00000001001100111000
82 15 00000001001100000000
82 16 11111111010000000010
82 17 00000000011000011100
82 18 00000000001000001101
82 19 00000010001001011110
83 0 00000001011010110011
83 1 00000001111111000100
83 2 11111110011101001110
83 3 11111110101001110111
83 4 00000010010010010100
83 5 00000010110000011100
83 6 11111100011110000101
83 7 00000010000011110100
83 8 11111111010000111110
83 9 00000001011011001110
83 10 00000001000111100110
83 11 00000001100110111110
83 12 00000010010110010000
83 13 00000010011100000111
83 14 00000001001100111000
83 15 00000001001100000000
83 16 11111111010000000010
83 17 00000000011000011100
83 18 00000000001000001101
83 19 00000010001001011110
84 0 00000001011010110011
84 1 00000001111111000100
84 2 11111110011101001110
84 3 11111110101001110111
84 4 00000010010010010100
84 5 00000010110000011100
84 6 11111100011110000101
84 7 00000010000011110100
84 8 11111111010000111110
84 9 00000001011011001110
84 10 00000001000111100110
84 11 00000001100110111110
84 12 00000010010110010000
84 13 00000010011100000111
84 14 00000001001100111000
84 15 00000001001100000000
84 16 11111111010000000010
84 17 00000000011000011100
84 18 00000000001000001101
84 19 00000010001001011110
85 0 00000001011010110011
85 1 00000001111111000100
85 2 11111110011101001110
85 3 11111110101001110111
85 4 00000010010010010100
85 5 00000010110000011100
85 6 11111100011110000101
85 7 00000010000011110100
85 8 11111111010000111110
85 9 00000001011011001110
85 10 00000001000111100110
85 11 00000001100110111110
85 12 00000010010110010000
85 13 00000010011100000111
85 14 00000001001100111000
85 15 00000001001100000000
85 16 11111111010000000010
85 17 00000000011000011100
85 18 00000000001000001101
85 19 00000010001001011110
86 0 00000001011010110011
86 1 00000001111111000100
86 2 11111110011101001110
86 3 11111110101001110111
86 4 00000010010010010100
86 5 00000010110000011100
86 6 11111100011110000101
86 7 00000010000011110100
86 8 11111111010000111110
86 9 00000001011011001110
86 10 00000001000111100110
86 11 00000001100110111110
86 12 00000010010110010000
86 13 00000010011100000111
86 14 00000001001100111000
86 15 00000001001100000000
86 16 11111111010000000010
86 17 00000000011000011100
86 18 00000000001000001101
86 19 00000010001001011110
87 0 00000001011010110011
87 1 00000001111111000100
87 2 11111110011101001110
87 3 11111110101001110111
87 4 00000010010010010100
87 5 00000010110000011100
87 6 11111100011110000101
87 7 00000010000011110100
87 8 11111111010000111110
87 9 00000001011011001110
87 10 00000001000111100110
87 11 00000001100110111110
87 12 00000010010110010000
87 13 00000010011100000111
87 14 00000001001100111000
87 15 00000001001100000000
87 16 11111111010000000010
87 17 00000000011000011100
87 18 00000000001000001101
87 19 00000010001001011110
88 0 00000001011010110011
88 1 00000001111111000100
88 2 11111110011101001110
88 3 11111110101001110111
88 4 00000010010010010100
88 5 00000010110000011100
88 6 11111100011110000101
88 7 00000010000011110100
88 8 11111111010000111110
88 9 00000001011011001110
88 10 00000001000111100110
88 11 00000001100110111110
88 12 00000010010110010000
88 13 00000010011100000111
88 14 00000001001100111000
88 15 00000001001100000000
88 16 11111111010000000010
88 17 00000000011000011100
88 18 00000000001000001101
88 19 00000010001001011110
89 0 00000001011010110011
89 1 00000001111111000100
89 2 11111110011101001110
89 3 11111110101001110111
89 4 00000010010010010100
89 5 00000010110000011100
89 6 11111100011110000101
89 7 00000010000011110100
89 8 11111111010000111110
89 9 00000001011011001110
89 10 00000001000111100110
89 11 00000001100110111110
89 12 00000010010110010000
89 13 00000010011100000111
89 14 00000001001100111000
89 15 00000001001100000000
89 16 11111111010000000010
89 17 00000000011000011100
89 18 00000000001000001101
89 19 00000010001001011110
90 0 00000001011010110011
90 1 00000001111111000100
90 2 11111110011101001110
90 3 11111110101001110111
90 4 00000010010010010100
90 5 00000010110000011100
90 6 11111100011110000101
90 7 00000010000011110100
90 8 11111111010000111110
90 9 00000001011011001110
90 10 00000001000111100110
90 11 00000001100110111110
90 12 00000010010110010000
90 13 00000010011100000111
90 14 00000001001100111000
90 15 00000001001100000000
90 16 11111111010000000010
90 17 00000000011000011100
90 18 00000000001000001101
90 19 00000010001001011110
91 0 00000001011010110011
91 1 00000001111111000100
91 2 11111110011101001110
91 3 11111110101001110111
91 4 00000010010010010100
91 5 00000010110000011100
91 6 11111100011110000101
91 7 00000010000011110100
91 8 11111111010000111110
91 9 00000001011011001110
91 10 00000001000111100110
91 11 00000001100110111110
91 12 00000010010110010000
91 13 00000010011100000111
91 14 00000001001100111000
91 15 00000001001100000000
91 16 11111111010000000010
91 17 00000000011000011100
91 18 00000000001000001101
91 19 00000010001001011110
92 0 00000001011010110011
92 1 00000001111111000100
92 2 11111110011101001110
92 3 11111110101001110111
92 4 00000010010010010100
92 5 00000010110000011100
92 6 11111100011110000101
92 7 00000010000011110100
92 8 11111111010000111110
92 9 00000001011011001110
92 10 00000001000111100110
92 11 00000001100110111110
92 12 00000010010110010000
92 13 00000010011100000111
92 14 00000001001100111000
92 15 00000001001100000000
92 16 11111111010000000010
92 17 00000000011000011100
92 18 00000000001000001101
92 19 00000010001001011110
93 0 00000001011010110011
93 1 00000001111111000100
93 2 11111110011101001110
93 3 11111110101001110111
93 4 00000010010010010100
93 5 00000010110000011100
93 6 11111100011110000101
93 7 00000010000011110100
93 8 11111111010000111110
93 9 00000001011011001110
93 10 00000001000111100110
93 11 00000001100110111110
93 12 00000010010110010000
93 13 00000010011100000111
93 14 00000001001100111000
93 15 00000001001100000000
93 16 11111111010000000010
93 17 00000000011000011100
93 18 00000000001000001101
93 19 00000010001001011110
94 0 00000001011010110011
94 1 00000001111111000100
94 2 11111110011101001110
94 3 11111110101001110111
94 4 00000010010010010100
94 5 00000010110000011100
94 6 11111100011110000101
94 7 00000010000011110100
94 8 11111111010000111110
94 9 00000001011011001110
94 10 00000001000111100110
94 11 00000001100110111110
94 12 00000010010110010000
94 13 00000010011100000111
94 14 00000001001100111000
94 15 00000001001100000000
94 16 11111111010000000010
94 17 00000000011000011100
94 18 00000000001000001101
94 19 00000010001001011110
95 0 00000001011010110011
95 1 00000001111111000100
95 2 11111110011101001110
95 3 11111110101001110111
95 4 00000010010010010100
95 5 00000010110000011100
95 6 11111100011110000101
95 7 00000010000011110100
95 8 11111111010000111110
95 9 00000001011011001110
95 10 00000001000111100110
95 11 00000001100110111110
95 12 00000010010110010000
95 13 00000010011100000111
95 14 00000001001100111000
95 15 00000001001100000000
95 16 11111111010000000010
95 17 00000000011000011100
95 18 00000000001000001101
95 19 00000010001001011110
96 0 00000001011010110011
96 1 00000001111111000100
96 2 11111110011101001110
96 3 11111110101001110111
96 4 00000010010010010100
96 5 00000010110000011100
96 6 11111100011110000101
96 7 00000010000011110100
96 8 11111111010000111110
96 9 00000001011011001110
96 10 00000001000111100110
96 11 00000001100110111110
96 12 00000010010110010000
96 13 00000010011100000111
96 14 00000001001100111000
96 15 00000001001100000000
96 16 11111111010000000010
96 17 00000000011000011100
96 18 00000000001000001101
96 19 00000010001001011110
97 0 00000001011010110011
97 1 00000001111111000100
97 2 11111110011101001110
97 3 11111110101001110111
97 4 00000010010010010100
97 5 00000010110000011100
97 6 11111100011110000101
97 7 00000010000011110100
97 8 11111111010000111110
97 9 00000001011011001110
97 10 00000001000111100110
97 11 00000001100110111110
97 12 00000010010110010000
97 13 00000010011100000111
97 14 00000001001100111000
97 15 00000001001100000000
97 16 11111111010000000010
97 17 00000000011000011100
97 18 00000000001000001101
97 19 00000010001001011110
98 0 00000001011010110011
98 1 00000001111111000100
98 2 11111110011101001110
98 3 11111110101001110111
98 4 00000010010010010100
98 5 00000010110000011100
98 6 11111100011110000101
98 7 00000010000011110100
98 8 11111111010000111110
98 9 00000001011011001110
98 10 00000001000111100110
98 11 00000001100110111110
98 12 00000010010110010000
98 13 00000010011100000111
98 14 00000001001100111000
98 15 00000001001100000000
98 16 11111111010000000010
98 17 00000000011000011100
98 18 00000000001000001101
98 19 00000010001001011110
99 0 00000001011010110011
99 1 00000001111111000100
99 2 11111110011101001110
99 3 11111110101001110111
99 4 00000010010010010100
99 5 00000010110000011100
99 6 11111100011110000101
99 7 00000010000011110100
99 8 11111111010000111110
99 9 00000001011011001110
99 10 00000001000111100110
99 11 00000001100110111110
99 12 00000010010110010000
99 13 00000010011100000111
99 14 00000001001100111000
99 15 00000001001100000000
99 16 11111111010000000010
99 17 00000000011000011100
99 18 00000000001000001101
99 19 00000010001001011110
100 0 00000001011010110011
100 1 00000001111111000100
100 2 11111110011101001110
100 3 11111110101001110111
100 4 00000010010010010100
100 5 00000010110000011100
100 6 11111100011110000101
100 7 00000010000011110100
100 8 11111111010000111110
100 9 00000001011011001110
100 10 00000001000111100110
100 11 00000001100110111110
100 12 00000010010110010000
100 13 00000010011100000111
100 14 00000001001100111000
100 15 00000001001100000000
100 16 11111111010000000010
100 17 00000000011000011100
100 18 00000000001000001101
100 19 00000010001001011110
101 0 00000001011010110011
101 1 00000001111111000100
101 2 11111110011101001110
101 3 11111110101001110111
101 4 00000010010010010100
101 5 00000010110000011100
101 6 11111100011110000101
101 7 00000010000011110100
101 8 11111111010000111110
101 9 00000001011011001110
101 10 00000001000111100110
101 11 00000001100110111110
101 12 00000010010110010000
101 13 00000010011100000111
101 14 00000001001100111000
101 15 00000001001100000000
101 16 11111111010000000010
101 17 00000000011000011100
101 18 00000000001000001101
101 19 00000010001001011110
