0 0 00000000000000000000
0 1 00000000000000000000
0 2 00000000000000000000
0 3 00000000000000000000
0 4 00000000000000000000
0 5 00000000000000000000
0 6 00000000000000000000
0 7 00000000000000000000
0 8 00000000000000000000
0 9 00000000000000000000
0 10 00000000000000000000
0 11 00000000000000000000
0 12 00000000000000000000
0 13 00000000000000000000
0 14 00000000000000000000
0 15 00000000000000000000
0 16 00000000000000000000
0 17 00000000000000000000
0 18 00000000000000000000
0 19 00000000000000000000
1 0 00000000000000000000
1 1 00000000000000000000
1 2 00000000000000000000
1 3 00000000000000000000
1 4 00000000000000000000
1 5 00000000000000000000
1 6 00000000000000000000
1 7 00000000000000000000
1 8 00000000000000000000
1 9 00000000000000000000
1 10 00000000000000000000
1 11 00000000000000000000
1 12 00000000000000000000
1 13 00000000000000000000
1 14 00000000000000000000
1 15 00000000000000000000
1 16 00000000000000000000
1 17 00000000000000000000
1 18 00000000000000000000
1 19 00000000000000000000
2 0 00000000000000000000
2 1 00000000000000000000
2 2 00000000000000000000
2 3 00000000000000000000
2 4 00000000000000000000
2 5 00000000000000000000
2 6 00000000000000000000
2 7 00000000000000000000
2 8 00000000000000000000
2 9 00000000000000000000
2 10 00000000000000000000
2 11 00000000000000000000
2 12 00000000000000000000
2 13 00000000000000000000
2 14 00000000000000000000
2 15 00000000000000000000
2 16 00000000000000000000
2 17 00000000000000000000
2 18 00000000000000000000
2 19 00000000000000000000
3 0 00000000000001101111
3 1 11111111111000100000
3 2 00000000000011000100
3 3 11111111111111001001
3 4 11111111111110000000
3 5 11111111111111000110
3 6 00000000000111101111
3 7 00000000000011000100
3 8 00000000000100101110
3 9 11111111110011101010
3 10 11111111111110100110
3 11 00000000000100110110
3 12 00000000000011111110
3 13 11111111111110100111
3 14 00000000000010000110
3 15 00000000000010001000
3 16 00000000000110101000
3 17 00000000000000111110
3 18 00000000000101010111
3 19 11111111111010110000
4 0 00000000000001101111
4 1 11111111111000100000
4 2 00000000000011000100
4 3 11111111111111001001
4 4 11111111111110000000
4 5 11111111111111000110
4 6 00000000000111101111
4 7 00000000000011000100
4 8 00000000000100101110
4 9 11111111110011101010
4 10 11111111111110100110
4 11 00000000000100110110
4 12 00000000000011111110
4 13 11111111111110100111
4 14 00000000000010000110
4 15 00000000000010001000
4 16 00000000000110101000
4 17 00000000000000111110
4 18 00000000000101010111
4 19 11111111111010110000
5 0 00000000000011011110
5 1 11111111110001000000
5 2 00000000000110001000
5 3 11111111111110010010
5 4 11111111111100000000
5 5 11111111111110001100
5 6 00000000001111011110
5 7 00000000000110001000
5 8 00000000001001011100
5 9 11111111100111010100
5 10 11111111111101001100
5 11 00000000001001101100
5 12 00000000000111111100
5 13 11111111111101001110
5 14 00000000000100001100
5 15 00000000000100010000
5 16 00000000001101010000
5 17 00000000000001111100
5 18 00000000001010101110
5 19 11111111110101100000
6 0 00000000000011011110
6 1 11111111110001000000
6 2 00000000000110001000
6 3 11111111111110010010
6 4 11111111111100000000
6 5 11111111111110001100
6 6 00000000001111011110
6 7 00000000000110001000
6 8 00000000001001011100
6 9 11111111100111010100
6 10 11111111111101001100
6 11 00000000001001101100
6 12 00000000000111111100
6 13 11111111111101001110
6 14 00000000000100001100
6 15 00000000000100010000
6 16 00000000001101010000
6 17 00000000000001111100
6 18 00000000001010101110
6 19 11111111110101100000
7 0 00000000000011011110
7 1 11111111110001000000
7 2 00000000000110001000
7 3 11111111111110010010
7 4 11111111111100000000
7 5 11111111111110001100
7 6 00000000001111011110
7 7 00000000000110001000
7 8 00000000001001011100
7 9 11111111100111010100
7 10 11111111111101001100
7 11 00000000001001101100
7 12 00000000000111111100
7 13 11111111111101001110
7 14 00000000000100001100
7 15 00000000000100010000
7 16 00000000001101010000
7 17 00000000000001111100
7 18 00000000001010101110
7 19 11111111110101100000
8 0 00000000000011110010
8 1 11111111110010001010
8 2 00000000000111111111
8 3 00000000000000101011
8 4 11111111111001110110
8 5 11111111111110010110
8 6 00000000001111100010
8 7 00000000000111010101
8 8 00000000001100001110
8 9 11111111101001000111
8 10 11111111111110011010
8 11 00000000001100000001
8 12 00000000001000110110
8 13 11111111111110110110
8 14 00000000000110010000
8 15 00000000000101010011
8 16 00000000001110110110
8 17 00000000000100000011
8 18 00000000001011010111
8 19 11111111110110100101
9 0 00000000000011110010
9 1 11111111110010001010
9 2 00000000000111111111
9 3 00000000000000101011
9 4 11111111111001110110
9 5 11111111111110010110
9 6 00000000001111100010
9 7 00000000000111010101
9 8 00000000001100001110
9 9 11111111101001000111
9 10 11111111111110011010
9 11 00000000001100000001
9 12 00000000001000110110
9 13 11111111111110110110
9 14 00000000000110010000
9 15 00000000000101010011
9 16 00000000001110110110
9 17 00000000000100000011
9 18 00000000001011010111
9 19 11111111110110100101
10 0 00000000000011110010
10 1 11111111110010001010
10 2 00000000000111111111
10 3 00000000000000101011
10 4 11111111111001110110
10 5 11111111111110010110
10 6 00000000001111100010
10 7 00000000000111010101
10 8 00000000001100001110
10 9 11111111101001000111
10 10 11111111111110011010
10 11 00000000001100000001
10 12 00000000001000110110
10 13 11111111111110110110
10 14 00000000000110010000
10 15 00000000000101010011
10 16 00000000001110110110
10 17 00000000000100000011
10 18 00000000001011010111
10 19 11111111110110100101
11 0 00000000000100000110
11 1 11111111110011010100
11 2 00000000001001110110
11 3 00000000000011000100
11 4 11111111110111101100
11 5 11111111111110100000
11 6 00000000001111100110
11 7 00000000001000100010
11 8 00000000001111000000
11 9 11111111101010111010
11 10 11111111111111101000
11 11 00000000001110010110
11 12 00000000001001110000
11 13 00000000000000011110
11 14 00000000001000010100
11 15 00000000000110010110
11 16 00000000010000011100
11 17 00000000000110001010
11 18 00000000001100000000
11 19 11111111110111101010
12 0 00000000000101110101
12 1 11111111101011110100
12 2 00000000001100111010
12 3 00000000000010001101
12 4 11111111110101101100
12 5 11111111111101100110
12 6 00000000010111010101
12 7 00000000001011100110
12 8 00000000010011101110
12 9 11111111011110100100
12 10 11111111111110001110
12 11 00000000010011001100
12 12 00000000001101101110
12 13 11111111111111000101
12 14 00000000001010011010
12 15 00000000001000011110
12 16 00000000010111000100
12 17 00000000000111001000
12 18 00000000010001010111
12 19 11111111110010011010
13 0 00000000000111100100
13 1 11111111100100010100
13 2 00000000001111111110
13 3 00000000000001010110
13 4 11111111110011101100
13 5 11111111111100101100
13 6 00000000011111000100
13 7 00000000001110101010
13 8 00000000011000011100
13 9 11111111010010001110
13 10 11111111111100110100
13 11 00000000011000000010
13 12 00000000010001101100
13 13 11111111111101101100
13 14 00000000001100100000
13 15 00000000001010100110
13 16 00000000011101101100
13 17 00000000001000000110
13 18 00000000010110101110
13 19 11111111101101001010
14 0 00000000001001010011
14 1 11111111011100110100
14 2 00000000010011000010
14 3 00000000000000011111
14 4 11111111110001101100
14 5 11111111111011110010
14 6 00000000100110110011
14 7 00000000010001101110
14 8 00000000011101001010
14 9 11111111000101111000
14 10 11111111111011011010
14 11 00000000011100111000
14 12 00000000010101101010
14 13 11111111111100010011
14 14 00000000001110100110
14 15 00000000001100101110
14 16 00000000100100010100
14 17 00000000001001000100
14 18 00000000011100000101
14 19 11111111100111111010
15 0 00000000001011000010
15 1 11111111010101010100
15 2 00000000010110000110
15 3 11111111111111101000
15 4 11111111101111101100
15 5 11111111111010111000
15 6 00000000101110100010
15 7 00000000010100110010
15 8 00000000100001111000
15 9 11111110111001100010
15 10 11111111111010000000
15 11 00000000100001101110
15 12 00000000011001101000
15 13 11111111111010111010
15 14 00000000010000101100
15 15 00000000001110110110
15 16 00000000101010111100
15 17 00000000001010000010
15 18 00000000100001011100
15 19 11111111100010101010
16 0 00000000001100110001
16 1 11111111001101110100
16 2 00000000011001001010
16 3 11111111111110110001
16 4 11111111101101101100
16 5 11111111111001111110
16 6 00000000110110010001
16 7 00000000010111110110
16 8 00000000100110100110
16 9 11111110101101001100
16 10 11111111111000100110
16 11 00000000100110100100
16 12 00000000011101100110
16 13 11111111111001100001
16 14 00000000010010110010
16 15 00000000010000111110
16 16 00000000110001100100
16 17 00000000001011000000
16 18 00000000100110110011
16 19 11111111011101011010
17 0 00000000001100110001
17 1 11111111001101110100
17 2 00000000011001001010
17 3 11111111111110110001
17 4 11111111101101101100
17 5 11111111111001111110
17 6 00000000110110010001
17 7 00000000010111110110
17 8 00000000100110100110
17 9 11111110101101001100
17 10 11111111111000100110
17 11 00000000100110100100
17 12 00000000011101100110
17 13 11111111111001100001
17 14 00000000010010110010
17 15 00000000010000111110
17 16 00000000110001100100
17 17 00000000001011000000
17 18 00000000100110110011
17 19 11111111011101011010
18 0 00000000001100110001
18 1 11111111001101110100
18 2 00000000011001001010
18 3 11111111111110110001
18 4 11111111101101101100
18 5 11111111111001111110
18 6 00000000110110010001
18 7 00000000010111110110
18 8 00000000100110100110
18 9 11111110101101001100
18 10 11111111111000100110
18 11 00000000100110100100
18 12 00000000011101100110
18 13 11111111111001100001
18 14 00000000010010110010
18 15 00000000010000111110
18 16 00000000110001100100
18 17 00000000001011000000
18 18 00000000100110110011
18 19 11111111011101011010
19 0 00000000001100110001
19 1 11111111001101110100
19 2 00000000011001001010
19 3 11111111111110110001
19 4 11111111101101101100
19 5 11111111111001111110
19 6 00000000110110010001
19 7 00000000010111110110
19 8 00000000100110100110
19 9 11111110101101001100
19 10 11111111111000100110
19 11 00000000100110100100
19 12 00000000011101100110
19 13 11111111111001100001
19 14 00000000010010110010
19 15 00000000010000111110
19 16 00000000110001100100
19 17 00000000001011000000
19 18 00000000100110110011
19 19 11111111011101011010
20 0 00000000001100110001
20 1 11111111001101110100
20 2 00000000011001001010
20 3 11111111111110110001
20 4 11111111101101101100
20 5 11111111111001111110
20 6 00000000110110010001
20 7 00000000010111110110
20 8 00000000100110100110
20 9 11111110101101001100
20 10 11111111111000100110
20 11 00000000100110100100
20 12 00000000011101100110
20 13 11111111111001100001
20 14 00000000010010110010
20 15 00000000010000111110
20 16 00000000110001100100
20 17 00000000001011000000
20 18 00000000100110110011
20 19 11111111011101011010
21 0 00000000001100110001
21 1 11111111001101110100
21 2 00000000011001001010
21 3 11111111111110110001
21 4 11111111101101101100
21 5 11111111111001111110
21 6 00000000110110010001
21 7 00000000010111110110
21 8 00000000100110100110
21 9 11111110101101001100
21 10 11111111111000100110
21 11 00000000100110100100
21 12 00000000011101100110
21 13 11111111111001100001
21 14 00000000010010110010
21 15 00000000010000111110
21 16 00000000110001100100
21 17 00000000001011000000
21 18 00000000100110110011
21 19 11111111011101011010
22 0 00000000001111011011
22 1 11111111001111100010
22 2 00000000011100001110
22 3 00000000000001111010
22 4 11111111101111110001
22 5 11111111111010110110
22 6 00000000110100001001
22 7 00000000011000111010
22 8 00000000100111110100
22 9 11111110101101111101
22 10 11111111111011101111
22 11 00000000100101111100
22 12 00000000011101001010
22 13 11111111111010100011
22 14 00000000010101001000
22 15 00000000010011101000
22 16 00000000101110011101
22 17 00000000001100011100
22 18 00000000011110101101
22 19 11111111011111001101
23 0 00000000001110100011
23 1 11111111010001100110
23 2 00000000011011111000
23 3 00000000000010011101
23 4 11111111110000001101
23 5 11111111111101000000
23 6 00000000101101100111
23 7 00000000011001111100
23 8 00000000100111000111
23 9 11111110110001100010
23 10 11111111111011110010
23 11 00000000100111000010
23 12 00000000011110010010
23 13 11111111111100100010
23 14 00000000010101001011
23 15 00000000010011111111
23 16 00000000101011110110
23 17 00000000001100111100
23 18 00000000100001110100
23 19 11111111100010000001
24 0 00000000001111000111
24 1 11111111010110000110
24 2 00000000010101110111
24 3 11111111111101101000
24 4 11111111110101001111
24 5 00000000000010110001
24 6 00000000100100010101
24 7 00000000011100011000
24 8 00000000100011001111
24 9 11111110110110100110
24 10 11111111111100001111
24 11 00000000101000110101
24 12 00000000100001111001
24 13 00000000000001010111
24 14 00000000010101010000
24 15 00000000010100010111
24 16 00000000101001000000
24 17 00000000001011110010
24 18 00000000100101110110
24 19 11111111100110011111
25 0 00000000010101110010
25 1 11111111011110010100
25 2 00000000011001111001
25 3 00000000000011000100
25 4 11111111110010111000
25 5 00000000000011101000
25 6 00000000100001001111
25 7 00000000100011001111
25 8 00000000011111111101
25 9 11111110111110011000
25 10 00000000000001110100
25 11 00000000101011101110
25 12 00000000101000011010
25 13 11111111111111101000
25 14 00000000011000100101
25 15 00000000010110100010
25 16 00000000101010101100
25 17 00000000010100100000
25 18 00000000011000100101
25 19 11111111101111011000
26 0 00000000011000110000
26 1 11111111100001001100
26 2 00000000011110110100
26 3 00000000001000100110
26 4 11111111110010110011
26 5 00000000000100101010
26 6 00000000011111001011
26 7 00000000100101100000
26 8 00000000100011111101
26 9 11111111000000111100
26 10 00000000000110001011
26 11 00000000101101011011
26 12 00000000101000111000
26 13 00000000000010010010
26 14 00000000011100111111
26 15 00000000011010001111
26 16 00000000101001001011
26 17 00000000011000000011
26 18 00000000010001001000
26 19 11111111110010010000
27 0 00000000011011101110
27 1 11111111100100000100
27 2 00000000100011101111
27 3 00000000001110001000
27 4 11111111110010101110
27 5 00000000000101101100
27 6 00000000011101000111
27 7 00000000100111110001
27 8 00000000100111111101
27 9 11111111000011100000
27 10 00000000001010100010
27 11 00000000101111001000
27 12 00000000101001010110
27 13 00000000000100111100
27 14 00000000100001011001
27 15 00000000011101111100
27 16 00000000100111101010
27 17 00000000011011100110
27 18 00000000001001101011
27 19 11111111110101001000
28 0 00000000011101110100
28 1 11111111101001000000
28 2 00000000101000010100
28 3 00000000010100001101
28 4 11111111110011000101
28 5 00000000001000111000
28 6 00000000010100100001
28 7 00000000101011000100
28 8 00000000101011010000
28 9 11111111001001101001
28 10 00000000001110111100
28 11 00000000110001111011
28 12 00000000101010111100
28 13 00000000001001100101
28 14 00000000100101110110
28 15 00000000100010000000
28 16 00000000100011100010
28 17 00000000011111101001
28 18 00000000000101010101
28 19 11111111111010110100
29 0 00000000011111100110
29 1 11111111101100110010
29 2 00000000101011000010
29 3 00000000010111111001
29 4 11111111110101100110
29 5 00000000001011111010
29 6 00000000001011110111
29 7 00000000101101001010
29 8 00000000101011110001
29 9 11111111001101111111
29 10 00000000010010001000
29 11 00000000110010011001
29 12 00000000101011101000
29 13 00000000001100100110
29 14 00000000101000001111
29 15 00000000100101000001
29 16 00000000011101110100
29 17 00000000100001100101
29 18 00000000000000010110
29 19 11111111111111011011
30 0 00000000100001101100
30 1 11111111110001101110
30 2 00000000101111100111
30 3 00000000011101111110
30 4 11111111110101111101
30 5 00000000001111000110
30 6 00000000000011010001
30 7 00000000110000011101
30 8 00000000101111000100
30 9 11111111010100001000
30 10 00000000010110100010
30 11 00000000110101001100
30 12 00000000101101001110
30 13 00000000010001001111
30 14 00000000101100101100
30 15 00000000101001000101
30 16 00000000011001101100
30 17 00000000100101101000
30 18 11111111111100000000
30 19 00000000000101000111
31 0 00000000100011011110
31 1 11111111110101100000
31 2 00000000110010010101
31 3 00000000100001101010
31 4 11111111111000011110
31 5 00000000010010001000
31 6 11111111111010100111
31 7 00000000110010100011
31 8 00000000101111100101
31 9 11111111011000011110
31 10 00000000011001101110
31 11 00000000110101101010
31 12 00000000101101111010
31 13 00000000010100010000
31 14 00000000101111000101
31 15 00000000101100000110
31 16 00000000010011111110
31 17 00000000100111100100
31 18 11111111110111000001
31 19 00000000001001101110
32 0 00000000100101010000
32 1 11111111111001010010
32 2 00000000110101000011
32 3 00000000100101010110
32 4 11111111111010111111
32 5 00000000010101001010
32 6 11111111110001111101
32 7 00000000110100101001
32 8 00000000110000000110
32 9 11111111011100110100
32 10 00000000011100111010
32 11 00000000110110001000
32 12 00000000101110100110
32 13 00000000010111010001
32 14 00000000110001011110
32 15 00000000101111000111
32 16 00000000001110010000
32 17 00000000101001100000
32 18 11111111110010000010
32 19 00000000001110010101
33 0 00000000100111000010
33 1 11111111111101000100
33 2 00000000110111110001
33 3 00000000101001000010
33 4 11111111111101100000
33 5 00000000011000001100
33 6 11111111101001010011
33 7 00000000110110101111
33 8 00000000110000100111
33 9 11111111100001001010
33 10 00000000100000000110
33 11 00000000110110100110
33 12 00000000101111010010
33 13 00000000011010010010
33 14 00000000110011110111
33 15 00000000110010001000
33 16 00000000001000100010
33 17 00000000101011011100
33 18 11111111101101000011
33 19 00000000010010111100
34 0 00000000101001001000
34 1 00000000000010000000
34 2 00000000111100010110
34 3 00000000101111000111
34 4 11111111111101110111
34 5 00000000011011011000
34 6 11111111100000101101
34 7 00000000111010000010
34 8 00000000110011111010
34 9 11111111100111010011
34 10 00000000100100100000
34 11 00000000111001011001
34 12 00000000110000111000
34 13 00000000011110111011
34 14 00000000111000010100
34 15 00000000110110001100
34 16 00000000000100011010
34 17 00000000101111011111
34 18 11111111101000101101
34 19 00000000011000101000
35 0 00000000101100000110
35 1 00000000000100111000
35 2 00000001000001010001
35 3 00000000110100101001
35 4 11111111111101110010
35 5 00000000011100011010
35 6 11111111011110101001
35 7 00000000111100010011
35 8 00000000110111111010
35 9 11111111101001110111
35 10 00000000101000110111
35 11 00000000111011000110
35 12 00000000110001010110
35 13 00000000100001100101
35 14 00000000111100101110
35 15 00000000111001111001
35 16 00000000000010111001
35 17 00000000110011000010
35 18 11111111100001010000
35 19 00000000011011100000
36 0 00000000101111010100
36 1 00000000001011000110
36 2 00000000111110010100
36 3 00000000110010111101
36 4 00000000000100111001
36 5 00000000100011000011
36 6 11111111010011001111
36 7 00000000111111110011
36 8 00000000110101010000
36 9 11111111101111101100
36 10 00000000101100011101
36 11 00000000111100010001
36 12 00000000110100100001
36 13 00000000100111011100
36 14 00000000111111001001
36 15 00000000111100111011
36 16 11111111111100111100
36 17 00000000110011010100
36 18 11111111011101001100
36 19 00000000100001110001
37 0 00000000110011011010
37 1 00000000001111010000
37 2 00000000111011101101
37 3 00000000110000101110
37 4 00000000001011100100
37 5 00000000100111100010
37 6 11111111001110010111
37 7 00000001000010010001
37 8 00000000110011010011
37 9 11111111110001111100
37 10 00000000110000000000
37 11 00000000111100010110
37 12 00000000110110100100
37 13 00000000101011010100
37 14 00000001000001100001
37 15 00000000111111100110
37 16 11111111111001100110
37 17 00000000110011000110
37 18 11111111010110000001
37 19 00000000100101001110
38 0 00000000110101100000
38 1 00000000010100001100
38 2 00000001000000010010
38 3 00000000110110110011
38 4 00000000001011111011
38 5 00000000101010101110
38 6 11111111000101110001
38 7 00000001000101100100
38 8 00000000110110100110
38 9 11111111111000000101
38 10 00000000110100011010
38 11 00000000111111001001
38 12 00000000111000001010
38 13 00000000101111111101
38 14 00000001000101111110
38 15 00000001000011101010
38 16 11111111110101011110
38 17 00000000110111001001
38 18 11111111010001101011
38 19 00000000101010111010
39 0 00000000110111100110
39 1 00000000011001001000
39 2 00000001000100110111
39 3 00000000111100111000
39 4 00000000001100010010
39 5 00000000101101111010
39 6 11111110111101001011
39 7 00000001001000110111
39 8 00000000111001111001
39 9 11111111111110001110
39 10 00000000111000110100
39 11 00000001000001111100
39 12 00000000111001110000
39 13 00000000110100100110
39 14 00000001001010011011
39 15 00000001000111101110
39 16 11111111110001010110
39 17 00000000111011001100
39 18 11111111001101010101
39 19 00000000110000100110
40 0 00000000111010110100
40 1 00000000011111010110
40 2 00000001000001111010
40 3 00000000111011001100
40 4 00000000010011011001
40 5 00000000110100100011
40 6 11111110110001110001
40 7 00000001001100010111
40 8 00000000110111001111
40 9 00000000000100000011
40 10 00000000111100011010
40 11 00000001000011000111
40 12 00000000111100111011
40 13 00000000111010011101
40 14 00000001001100110110
40 15 00000001001010110000
40 16 11111111101011011001
40 17 00000000111011011110
40 18 11111111001001010001
40 19 00000000110110110111
41 0 00000000111100010000
41 1 00000000100001110010
41 2 00000000111100001111
41 3 00000000110101110100
41 4 00000000010111111111
41 5 00000000111000001010
41 6 11111110101111000001
41 7 00000001001101110001
41 8 00000000110100000100
41 9 00000000000101100010
41 10 00000000111100110100
41 11 00000001000011110100
41 12 00000000111111011010
41 13 00000000111101010011
41 14 00000001001100111000
41 15 00000001001010110001
41 16 11111111101011001010
41 17 00000000111001110100
41 18 11111111001010001100
41 19 00000000111000100001
42 0 00000000111011101100
42 1 00000000100101000000
42 2 00000000111101110000
42 3 00000000111000110000
42 4 00000000010110010001
42 5 00000000111010011110
42 6 11111110101000100011
42 7 00000001010000000000
42 8 00000000110110001001
42 9 00000000001010111010
42 10 00000000111110000101
42 11 00000001000111001111
42 12 00000001000001011100
42 13 00000001000000111010
42 14 00000001001110111111
42 15 00000001001100001011
42 16 11111111101010001001
42 17 00000000111100011011
42 18 11111111001101111100
42 19 00000000111100011010
43 0 00000000111101011110
43 1 00000000101000110010
43 2 00000001000000011110
43 3 00000000111100011100
43 4 00000000011000110010
43 5 00000000111101100000
43 6 11111110011111111001
43 7 00000001010010000110
43 8 00000000110110101010
43 9 00000000001111010000
43 10 00000001000001010001
43 11 00000001000111101101
43 12 00000001000010001000
43 13 00000001000011111011
43 14 00000001010001011000
43 15 00000001001111001100
43 16 11111111100100011011
43 17 00000000111110010111
43 18 11111111001000111101
43 19 00000001000001000001
44 0 00000001000000001000
44 1 00000000101010100000
44 2 00000001000011100010
44 3 00000000111111100101
44 4 00000000011010110111
44 5 00000000111110011000
44 6 11111110011101110001
44 7 00000001010011001010
44 8 00000000110111111000
44 9 00000000010000000001
44 10 00000001000100011010
44 11 00000001000111000101
44 12 00000001000001101100
44 13 00000001000100111101
44 14 00000001010011101110
44 15 00000001010001110110
44 16 11111111100001010100
44 17 00000000111111110011
44 18 11111111000000110111
44 19 00000001000010110100
45 0 00000001000011000110
45 1 00000000101101011000
45 2 00000001001000011101
45 3 00000001000101000111
45 4 00000000011010110010
45 5 00000000111111011010
45 6 11111110011011101101
45 7 00000001010101011011
45 8 00000000111011111000
45 9 00000000010010100101
45 10 00000001001000110001
45 11 00000001001000110010
45 12 00000001000010001010
45 13 00000001000111100111
45 14 00000001011000001000
45 15 00000001010101100011
45 16 11111111011111110011
45 17 00000001000011010110
45 18 11111110111001011010
45 19 00000001000101101100
46 0 00000001000110010100
46 1 00000000110011100110
46 2 00000001000101100000
46 3 00000001000011011011
46 4 00000000100001111001
46 5 00000001000110000011
46 6 11111110010000010011
46 7 00000001011000111011
46 8 00000000111001001110
46 9 00000000011000011010
46 10 00000001001100010111
46 11 00000001001001111101
46 12 00000001000101010101
46 13 00000001001101011110
46 14 00000001011010100011
46 15 00000001011000100101
46 16 11111111011001110110
46 17 00000001000011101000
46 18 11111110110101010110
46 19 00000001001011111101
47 0 00000001001001110110
47 1 00000000111010111110
47 2 00000001000100011010
47 3 00000001000100001000
47 4 00000000100110110110
47 5 00000001001100110110
47 6 11111110000100111101
47 7 00000001011101101000
47 8 00000000111001010110
47 9 00000000100000000010
47 10 00000001010001001011
47 11 00000001001101011101
47 12 00000001001001011010
47 13 00000001010100111101
47 14 00000001011111000010
47 15 00000001011100101010
47 16 11111111010101011111
47 17 00000001000110000001
47 18 11111110110001111011
47 19 00000001010011010011
48 0 00000001001011111100
48 1 00000000111111111010
48 2 00000001001000111111
48 3 00000001001010001101
48 4 00000000100111001101
48 5 00000001010000000010
48 6 11111101111100010111
48 7 00000001100000111011
48 8 00000000111100101001
48 9 00000000100110001011
48 10 00000001010101100101
48 11 00000001010000010000
48 12 00000001001011000000
48 13 00000001011001100110
48 14 00000001100011011111
48 15 00000001100000101110
48 16 11111111010001010111
48 17 00000001001010000100
48 18 11111110101101100101
48 19 00000001011000111111
49 0 00000001001110000010
49 1 00000001000100110110
49 2 00000001001101100100
49 3 00000001010000010010
49 4 00000000100111100100
49 5 00000001010011001110
49 6 11111101110011110001
49 7 00000001100100001110
49 8 00000000111111111100
49 9 00000000101100010100
49 10 00000001011001111111
49 11 00000001010011000011
49 12 00000001001100100110
49 13 00000001011110001111
49 14 00000001100111111100
49 15 00000001100100110010
49 16 11111111001101001111
49 17 00000001001110000111
49 18 11111110101001001111
49 19 00000001011110101011
50 0 00000001010001000000
50 1 00000001000111101110
50 2 00000001010010011111
50 3 00000001010101110100
50 4 00000000100111011111
50 5 00000001010100010000
50 6 11111101110001101101
50 7 00000001100110011111
50 8 00000001000011111100
50 9 00000000101110111000
50 10 00000001011110010110
50 11 00000001010100110000
50 12 00000001001101000100
50 13 00000001100000111001
50 14 00000001101100010110
50 15 00000001101000011111
50 16 11111111001011101110
50 17 00000001010001101010
50 18 11111110100001110010
50 19 00000001100001100011
51 0 00000001010011000110
51 1 00000001001100101010
51 2 00000001010111000100
51 3 00000001011011111001
51 4 00000000100111110110
51 5 00000001010111011100
51 6 11111101101001000111
51 7 00000001101001110010
51 8 00000001000111001111
51 9 00000000110101000001
51 10 00000001100010110000
51 11 00000001010111100011
51 12 00000001001110101010
51 13 00000001100101100010
51 14 00000001110000110011
51 15 00000001101100100011
51 16 11111111000111100110
51 17 00000001010101101101
51 18 11111110011101011100
51 19 00000001100111001111
52 0 00000001010110000100
52 1 00000001001111100010
52 2 00000001011011111111
52 3 00000001100001011011
52 4 00000000100111110001
52 5 00000001011000011110
52 6 11111101100111000011
52 7 00000001101100000011
52 8 00000001001011001111
52 9 00000000110111100101
52 10 00000001100111000111
52 11 00000001011001010000
52 12 00000001001111001000
52 13 00000001101000001100
52 14 00000001110101001101
52 15 00000001110000010000
52 16 11111111000110000101
52 17 00000001011001010000
52 18 11111110010101111111
52 19 00000001101010000111
53 0 00000001011000001010
53 1 00000001010100011110
53 2 00000001100000100100
53 3 00000001100111100000
53 4 00000000101000001000
53 5 00000001011011101010
53 6 11111101011110011101
53 7 00000001101111010110
53 8 00000001001110100010
53 9 00000000111101101110
53 10 00000001101011100001
53 11 00000001011100000011
53 12 00000001010000101110
53 13 00000001101100110101
53 14 00000001111001101010
53 15 00000001110100010100
53 16 11111111000001111101
53 17 00000001011101010011
53 18 11111110010001101001
53 19 00000001101111110011
54 0 00000001011010010000
54 1 00000001011001011010
54 2 00000001100101001001
54 3 00000001101101100101
54 4 00000000101000011111
54 5 00000001011110110110
54 6 11111101010101110111
54 7 00000001110010101001
54 8 00000001010001110101
54 9 00000001000011110111
54 10 00000001101111111011
54 11 00000001011110110110
54 12 00000001010010010100
54 13 00000001110001011110
54 14 00000001111110000111
54 15 00000001111000011000
54 16 11111110111101110101
54 17 00000001100001010110
54 18 11111110001101010011
54 19 00000001110101011111
55 0 00000001011100010110
55 1 00000001011110010110
55 2 00000001101001101110
55 3 00000001110011101010
55 4 00000000101000110110
55 5 00000001100010000010
55 6 11111101001101010001
55 7 00000001110101111100
55 8 00000001010101001000
55 9 00000001001010000000
55 10 00000001110100010101
55 11 00000001100001101001
55 12 00000001010011111010
55 13 00000001110110000111
55 14 00000010000010100100
55 15 00000001111100011100
55 16 11111110111001101101
55 17 00000001100101011001
55 18 11111110001000111101
55 19 00000001111011001011
56 0 00000001011110001000
56 1 00000001100010001000
56 2 00000001101100011100
56 3 00000001110111010110
56 4 00000000101011010111
56 5 00000001100101000100
56 6 11111101000100100111
56 7 00000001111000000010
56 8 00000001010101101001
56 9 00000001001110010110
56 10 00000001110111100001
56 11 00000001100010000111
56 12 00000001010100100110
56 13 00000001111001001000
56 14 00000010000100111101
56 15 00000001111111011101
56 16 11111110110011111111
56 17 00000001100111010101
56 18 11111110000011111110
56 19 00000001111111110010
57 0 00000001011101010000
57 1 00000001100100001100
57 2 00000001101100000110
57 3 00000001110111111001
57 4 00000000101011110011
57 5 00000001100111001110
57 6 11111100111110000101
57 7 00000001111001000100
57 8 00000001010100111100
57 9 00000001010001111011
57 10 00000001110111100100
57 11 00000001100011001101
57 12 00000001010101101110
57 13 00000001111011000111
57 14 00000010000101000000
57 15 00000001111111110100
57 16 11111110110001011000
57 17 00000001100111110101
57 18 11111110000111000101
57 19 00000010000010100110
58 0 00000001011111010110
58 1 00000001101001001000
58 2 00000001110000101011
58 3 00000001111101111110
58 4 00000000101100001010
58 5 00000001101010011010
58 6 11111100110101011111
58 7 00000001111100010111
58 8 00000001011000001111
58 9 00000001011000000100
58 10 00000001111011111110
58 11 00000001100110000000
58 12 00000001010111010100
58 13 00000001111111110000
58 14 00000010001001011101
58 15 00000010000011111000
58 16 11111110101101010000
58 17 00000001101011111000
58 18 11111110000010101111
58 19 00000010001000010010
59 0 00000001100010000000
59 1 00000001101010110110
59 2 00000001110011101111
59 3 00000010000001000111
59 4 00000000101110001111
59 5 00000001101011010010
59 6 11111100110011010111
59 7 00000001111101011011
59 8 00000001011001011101
59 9 00000001011000110101
59 10 00000001111111000111
59 11 00000001100101011000
59 12 00000001010110111000
59 13 00000010000000110010
59 14 00000010001011110011
59 15 00000010000110100010
59 16 11111110101010001001
59 17 00000001101101010100
59 18 11111101111010101001
59 19 00000010001010000101
60 0 00000001100100111110
60 1 00000001101101101110
60 2 00000001111000101010
60 3 00000010000110101001
60 4 00000000101110001010
60 5 00000001101100010100
60 6 11111100110001010011
60 7 00000001111111101100
60 8 00000001011101011101
60 9 00000001011011011001
60 10 00000010000011011110
60 11 00000001100111000101
60 12 00000001010111010110
60 13 00000010000011011100
60 14 00000010010000001101
60 15 00000010001010001111
60 16 11111110101000101000
60 17 00000001110000110111
60 18 11111101110011001100
60 19 00000010001100111101
61 0 00000001100110110000
61 1 00000001110001100000
61 2 00000001111011011000
61 3 00000010001010010101
61 4 00000000110000101011
61 5 00000001101111010110
61 6 11111100101000101001
61 7 00000010000001110010
61 8 00000001011101111110
61 9 00000001011111101111
61 10 00000010000110101010
61 11 00000001100111100011
61 12 00000001011000000010
61 13 00000010000110011101
61 14 00000010010010100110
61 15 00000010001101010000
61 16 11111110100010111010
61 17 00000001110010110011
61 18 11111101101110001101
61 19 00000010010001100100
62 0 00000001101000110110
62 1 00000001110110011100
62 2 00000001111111111101
62 3 00000010010000011010
62 4 00000000110001000010
62 5 00000001110010100010
62 6 11111100100000000011
62 7 00000010000101000101
62 8 00000001100001010001
62 9 00000001100101111000
62 10 00000010001011000100
62 11 00000001101010010110
62 12 00000001011001101000
62 13 00000010001011000110
62 14 00000010010111000011
62 15 00000010010001010100
62 16 11111110011110110010
62 17 00000001110110110110
62 18 11111101101001110111
62 19 00000010010111010000
63 0 00000001101010111100
63 1 00000001111011011000
63 2 00000010000100100010
63 3 00000010010110011111
63 4 00000000110001011001
63 5 00000001110101101110
63 6 11111100010111011101
63 7 00000010001000011000
63 8 00000001100100100100
63 9 00000001101100000001
63 10 00000010001111011110
63 11 00000001101101001001
63 12 00000001011011001110
63 13 00000010001111101111
63 14 00000010011011100000
63 15 00000010010101011000
63 16 11111110011010101010
63 17 00000001111010111001
63 18 11111101100101100001
63 19 00000010011100111100
64 0 00000001101010111100
64 1 00000001111011011000
64 2 00000010000100100010
64 3 00000010010110011111
64 4 00000000110001011001
64 5 00000001110101101110
64 6 11111100010111011101
64 7 00000010001000011000
64 8 00000001100100100100
64 9 00000001101100000001
64 10 00000010001111011110
64 11 00000001101101001001
64 12 00000001011011001110
64 13 00000010001111101111
64 14 00000010011011100000
64 15 00000010010101011000
64 16 11111110011010101010
64 17 00000001111010111001
64 18 11111101100101100001
64 19 00000010011100111100
65 0 00000001101100101110
65 1 00000001111111001010
65 2 00000010000111010000
65 3 00000010011010001011
65 4 00000000110011111010
65 5 00000001111000110000
65 6 11111100001110110011
65 7 00000010001010011110
65 8 00000001100101000101
65 9 00000001110000010111
65 10 00000010010010101010
65 11 00000001101101100111
65 12 00000001011011111010
65 13 00000010010010110000
65 14 00000010011101111001
65 15 00000010011000011001
65 16 11111110010100111100
65 17 00000001111100110101
65 18 11111101100000100010
65 19 00000010100001100011
66 0 00000001101110100000
66 1 00000010000010111100
66 2 00000010001001111110
66 3 00000010011101110111
66 4 00000000110110011011
66 5 00000001111011110010
66 6 11111100000110001001
66 7 00000010001100100100
66 8 00000001100101100110
66 9 00000001110100101101
66 10 00000010010101110110
66 11 00000001101110000101
66 12 00000001011100100110
66 13 00000010010101110001
66 14 00000010100000010010
66 15 00000010011011011010
66 16 11111110001111001110
66 17 00000001111110110001
66 18 11111101011011100011
66 19 00000010100110001010
67 0 00000001101101111100
67 1 00000010000110001010
67 2 00000010001011011111
67 3 00000010100000110011
67 4 00000000110100101101
67 5 00000001111110000110
67 6 11111011111111101011
67 7 00000010001110110011
67 8 00000001100111101011
67 9 00000001111010000101
67 10 00000010010111000111
67 11 00000001110001100000
67 12 00000001011110101000
67 13 00000010011001011000
67 14 00000010100010011001
67 15 00000010011100110100
67 16 11111110001110001101
67 17 00000010000001011000
67 18 11111101011111010011
67 19 00000010101010000011
68 0 00000001101101000100
68 1 00000010001000001110
68 2 00000010001011001001
68 3 00000010100001010110
68 4 00000000110101001001
68 5 00000010000000010000
68 6 11111011111001001001
68 7 00000010001111110101
68 8 00000001100110111110
68 9 00000001111101101010
68 10 00000010010111001010
68 11 00000001110010100110
68 12 00000001011111110000
68 13 00000010011011010111
68 14 00000010100010011100
68 15 00000010011101001011
68 16 11111110001011100110
68 17 00000010000001111000
68 18 11111101100010011010
68 19 00000010101100110111
69 0 00000001110000100110
69 1 00000010001111100110
69 2 00000010001010000011
69 3 00000010100010000011
69 4 00000000111010000110
69 5 00000010000111000011
69 6 11111011101101110011
69 7 00000010010100100010
69 8 00000001100111000110
69 9 00000010000101010010
69 10 00000010011011111110
69 11 00000001110110000110
69 12 00000001100011110101
69 13 00000010100010110110
69 14 00000010100110111011
69 15 00000010100001010000
69 16 11111110000111001111
69 17 00000010000100010001
69 18 11111101011110111111
69 19 00000010110100001101
70 0 00000001110000100110
70 1 00000010001111100110
70 2 00000010001010000011
70 3 00000010100010000011
70 4 00000000111010000110
70 5 00000010000111000011
70 6 11111011101101110011
70 7 00000010010100100010
70 8 00000001100111000110
70 9 00000010000101010010
70 10 00000010011011111110
70 11 00000001110110000110
70 12 00000001100011110101
70 13 00000010100010110110
70 14 00000010100110111011
70 15 00000010100001010000
70 16 11111110000111001111
70 17 00000010000100010001
70 18 11111101011110111111
70 19 00000010110100001101
71 0 00000001110000100110
71 1 00000010001111100110
71 2 00000010001010000011
71 3 00000010100010000011
71 4 00000000111010000110
71 5 00000010000111000011
71 6 11111011101101110011
71 7 00000010010100100010
71 8 00000001100111000110
71 9 00000010000101010010
71 10 00000010011011111110
71 11 00000001110110000110
71 12 00000001100011110101
71 13 00000010100010110110
71 14 00000010100110111011
71 15 00000010100001010000
71 16 11111110000111001111
71 17 00000010000100010001
71 18 11111101011110111111
71 19 00000010110100001101
72 0 00000001101111101110
72 1 00000010010001101010
72 2 00000010001001101101
72 3 00000010100010100110
72 4 00000000111010100010
72 5 00000010001001001101
72 6 11111011100111010001
72 7 00000010010101100100
72 8 00000001100110011001
72 9 00000010001000110111
72 10 00000010011100000001
72 11 00000001110111001100
72 12 00000001100100111101
72 13 00000010100100110101
72 14 00000010100110111110
72 15 00000010100001100111
72 16 11111110000100101000
72 17 00000010000100110001
72 18 11111101100010000110
72 19 00000010110111000001
73 0 00000001101111101110
73 1 00000010010001101010
73 2 00000010001001101101
73 3 00000010100010100110
73 4 00000000111010100010
73 5 00000010001001001101
73 6 11111011100111010001
73 7 00000010010101100100
73 8 00000001100110011001
73 9 00000010001000110111
73 10 00000010011100000001
73 11 00000001110111001100
73 12 00000001100100111101
73 13 00000010100100110101
73 14 00000010100110111110
73 15 00000010100001100111
73 16 11111110000100101000
73 17 00000010000100110001
73 18 11111101100010000110
73 19 00000010110111000001
74 0 00000001101111101110
74 1 00000010010001101010
74 2 00000010001001101101
74 3 00000010100010100110
74 4 00000000111010100010
74 5 00000010001001001101
74 6 11111011100111010001
74 7 00000010010101100100
74 8 00000001100110011001
74 9 00000010001000110111
74 10 00000010011100000001
74 11 00000001110111001100
74 12 00000001100100111101
74 13 00000010100100110101
74 14 00000010100110111110
74 15 00000010100001100111
74 16 11111110000100101000
74 17 00000010000100110001
74 18 11111101100010000110
74 19 00000010110111000001
75 0 00000001101111101110
75 1 00000010010001101010
75 2 00000010001001101101
75 3 00000010100010100110
75 4 00000000111010100010
75 5 00000010001001001101
75 6 11111011100111010001
75 7 00000010010101100100
75 8 00000001100110011001
75 9 00000010001000110111
75 10 00000010011100000001
75 11 00000001110111001100
75 12 00000001100100111101
75 13 00000010100100110101
75 14 00000010100110111110
75 15 00000010100001100111
75 16 11111110000100101000
75 17 00000010000100110001
75 18 11111101100010000110
75 19 00000010110111000001
76 0 00000001101111101110
76 1 00000010010001101010
76 2 00000010001001101101
76 3 00000010100010100110
76 4 00000000111010100010
76 5 00000010001001001101
76 6 11111011100111010001
76 7 00000010010101100100
76 8 00000001100110011001
76 9 00000010001000110111
76 10 00000010011100000001
76 11 00000001110111001100
76 12 00000001100100111101
76 13 00000010100100110101
76 14 00000010100110111110
76 15 00000010100001100111
76 16 11111110000100101000
76 17 00000010000100110001
76 18 11111101100010000110
76 19 00000010110111000001
77 0 00000001101111101110
77 1 00000010010001101010
77 2 00000010001001101101
77 3 00000010100010100110
77 4 00000000111010100010
77 5 00000010001001001101
77 6 11111011100111010001
77 7 00000010010101100100
77 8 00000001100110011001
77 9 00000010001000110111
77 10 00000010011100000001
77 11 00000001110111001100
77 12 00000001100100111101
77 13 00000010100100110101
77 14 00000010100110111110
77 15 00000010100001100111
77 16 11111110000100101000
77 17 00000010000100110001
77 18 11111101100010000110
77 19 00000010110111000001
78 0 00000001101111101110
78 1 00000010010001101010
78 2 00000010001001101101
78 3 00000010100010100110
78 4 00000000111010100010
78 5 00000010001001001101
78 6 11111011100111010001
78 7 00000010010101100100
78 8 00000001100110011001
78 9 00000010001000110111
78 10 00000010011100000001
78 11 00000001110111001100
78 12 00000001100100111101
78 13 00000010100100110101
78 14 00000010100110111110
78 15 00000010100001100111
78 16 11111110000100101000
78 17 00000010000100110001
78 18 11111101100010000110
78 19 00000010110111000001
79 0 00000001101111101110
79 1 00000010010001101010
79 2 00000010001001101101
79 3 00000010100010100110
79 4 00000000111010100010
79 5 00000010001001001101
79 6 11111011100111010001
79 7 00000010010101100100
79 8 00000001100110011001
79 9 00000010001000110111
79 10 00000010011100000001
79 11 00000001110111001100
79 12 00000001100100111101
79 13 00000010100100110101
79 14 00000010100110111110
79 15 00000010100001100111
79 16 11111110000100101000
79 17 00000010000100110001
79 18 11111101100010000110
79 19 00000010110111000001
80 0 00000001101111101110
80 1 00000010010001101010
80 2 00000010001001101101
80 3 00000010100010100110
80 4 00000000111010100010
80 5 00000010001001001101
80 6 11111011100111010001
80 7 00000010010101100100
80 8 00000001100110011001
80 9 00000010001000110111
80 10 00000010011100000001
80 11 00000001110111001100
80 12 00000001100100111101
80 13 00000010100100110101
80 14 00000010100110111110
80 15 00000010100001100111
80 16 11111110000100101000
80 17 00000010000100110001
80 18 11111101100010000110
80 19 00000010110111000001
81 0 00000001101111101110
81 1 00000010010001101010
81 2 00000010001001101101
81 3 00000010100010100110
81 4 00000000111010100010
81 5 00000010001001001101
81 6 11111011100111010001
81 7 00000010010101100100
81 8 00000001100110011001
81 9 00000010001000110111
81 10 00000010011100000001
81 11 00000001110111001100
81 12 00000001100100111101
81 13 00000010100100110101
81 14 00000010100110111110
81 15 00000010100001100111
81 16 11111110000100101000
81 17 00000010000100110001
81 18 11111101100010000110
81 19 00000010110111000001
82 0 00000001101111101110
82 1 00000010010001101010
82 2 00000010001001101101
82 3 00000010100010100110
82 4 00000000111010100010
82 5 00000010001001001101
82 6 11111011100111010001
82 7 00000010010101100100
82 8 00000001100110011001
82 9 00000010001000110111
82 10 00000010011100000001
82 11 00000001110111001100
82 12 00000001100100111101
82 13 00000010100100110101
82 14 00000010100110111110
82 15 00000010100001100111
82 16 11111110000100101000
82 17 00000010000100110001
82 18 11111101100010000110
82 19 00000010110111000001
83 0 00000001101111101110
83 1 00000010010001101010
83 2 00000010001001101101
83 3 00000010100010100110
83 4 00000000111010100010
83 5 00000010001001001101
83 6 11111011100111010001
83 7 00000010010101100100
83 8 00000001100110011001
83 9 00000010001000110111
83 10 00000010011100000001
83 11 00000001110111001100
83 12 00000001100100111101
83 13 00000010100100110101
83 14 00000010100110111110
83 15 00000010100001100111
83 16 11111110000100101000
83 17 00000010000100110001
83 18 11111101100010000110
83 19 00000010110111000001
84 0 00000001101111101110
84 1 00000010010001101010
84 2 00000010001001101101
84 3 00000010100010100110
84 4 00000000111010100010
84 5 00000010001001001101
84 6 11111011100111010001
84 7 00000010010101100100
84 8 00000001100110011001
84 9 00000010001000110111
84 10 00000010011100000001
84 11 00000001110111001100
84 12 00000001100100111101
84 13 00000010100100110101
84 14 00000010100110111110
84 15 00000010100001100111
84 16 11111110000100101000
84 17 00000010000100110001
84 18 11111101100010000110
84 19 00000010110111000001
85 0 00000001101111101110
85 1 00000010010001101010
85 2 00000010001001101101
85 3 00000010100010100110
85 4 00000000111010100010
85 5 00000010001001001101
85 6 11111011100111010001
85 7 00000010010101100100
85 8 00000001100110011001
85 9 00000010001000110111
85 10 00000010011100000001
85 11 00000001110111001100
85 12 00000001100100111101
85 13 00000010100100110101
85 14 00000010100110111110
85 15 00000010100001100111
85 16 11111110000100101000
85 17 00000010000100110001
85 18 11111101100010000110
85 19 00000010110111000001
86 0 00000001101111101110
86 1 00000010010001101010
86 2 00000010001001101101
86 3 00000010100010100110
86 4 00000000111010100010
86 5 00000010001001001101
86 6 11111011100111010001
86 7 00000010010101100100
86 8 00000001100110011001
86 9 00000010001000110111
86 10 00000010011100000001
86 11 00000001110111001100
86 12 00000001100100111101
86 13 00000010100100110101
86 14 00000010100110111110
86 15 00000010100001100111
86 16 11111110000100101000
86 17 00000010000100110001
86 18 11111101100010000110
86 19 00000010110111000001
87 0 00000001101111101110
87 1 00000010010001101010
87 2 00000010001001101101
87 3 00000010100010100110
87 4 00000000111010100010
87 5 00000010001001001101
87 6 11111011100111010001
87 7 00000010010101100100
87 8 00000001100110011001
87 9 00000010001000110111
87 10 00000010011100000001
87 11 00000001110111001100
87 12 00000001100100111101
87 13 00000010100100110101
87 14 00000010100110111110
87 15 00000010100001100111
87 16 11111110000100101000
87 17 00000010000100110001
87 18 11111101100010000110
87 19 00000010110111000001
88 0 00000001101111101110
88 1 00000010010001101010
88 2 00000010001001101101
88 3 00000010100010100110
88 4 00000000111010100010
88 5 00000010001001001101
88 6 11111011100111010001
88 7 00000010010101100100
88 8 00000001100110011001
88 9 00000010001000110111
88 10 00000010011100000001
88 11 00000001110111001100
88 12 00000001100100111101
88 13 00000010100100110101
88 14 00000010100110111110
88 15 00000010100001100111
88 16 11111110000100101000
88 17 00000010000100110001
88 18 11111101100010000110
88 19 00000010110111000001
89 0 00000001101111101110
89 1 00000010010001101010
89 2 00000010001001101101
89 3 00000010100010100110
89 4 00000000111010100010
89 5 00000010001001001101
89 6 11111011100111010001
89 7 00000010010101100100
89 8 00000001100110011001
89 9 00000010001000110111
89 10 00000010011100000001
89 11 00000001110111001100
89 12 00000001100100111101
89 13 00000010100100110101
89 14 00000010100110111110
89 15 00000010100001100111
89 16 11111110000100101000
89 17 00000010000100110001
89 18 11111101100010000110
89 19 00000010110111000001
90 0 00000001101111101110
90 1 00000010010001101010
90 2 00000010001001101101
90 3 00000010100010100110
90 4 00000000111010100010
90 5 00000010001001001101
90 6 11111011100111010001
90 7 00000010010101100100
90 8 00000001100110011001
90 9 00000010001000110111
90 10 00000010011100000001
90 11 00000001110111001100
90 12 00000001100100111101
90 13 00000010100100110101
90 14 00000010100110111110
90 15 00000010100001100111
90 16 11111110000100101000
90 17 00000010000100110001
90 18 11111101100010000110
90 19 00000010110111000001
91 0 00000001101111101110
91 1 00000010010001101010
91 2 00000010001001101101
91 3 00000010100010100110
91 4 00000000111010100010
91 5 00000010001001001101
91 6 11111011100111010001
91 7 00000010010101100100
91 8 00000001100110011001
91 9 00000010001000110111
91 10 00000010011100000001
91 11 00000001110111001100
91 12 00000001100100111101
91 13 00000010100100110101
91 14 00000010100110111110
91 15 00000010100001100111
91 16 11111110000100101000
91 17 00000010000100110001
91 18 11111101100010000110
91 19 00000010110111000001
92 0 00000001101111101110
92 1 00000010010001101010
92 2 00000010001001101101
92 3 00000010100010100110
92 4 00000000111010100010
92 5 00000010001001001101
92 6 11111011100111010001
92 7 00000010010101100100
92 8 00000001100110011001
92 9 00000010001000110111
92 10 00000010011100000001
92 11 00000001110111001100
92 12 00000001100100111101
92 13 00000010100100110101
92 14 00000010100110111110
92 15 00000010100001100111
92 16 11111110000100101000
92 17 00000010000100110001
92 18 11111101100010000110
92 19 00000010110111000001
93 0 00000001101111101110
93 1 00000010010001101010
93 2 00000010001001101101
93 3 00000010100010100110
93 4 00000000111010100010
93 5 00000010001001001101
93 6 11111011100111010001
93 7 00000010010101100100
93 8 00000001100110011001
93 9 00000010001000110111
93 10 00000010011100000001
93 11 00000001110111001100
93 12 00000001100100111101
93 13 00000010100100110101
93 14 00000010100110111110
93 15 00000010100001100111
93 16 11111110000100101000
93 17 00000010000100110001
93 18 11111101100010000110
93 19 00000010110111000001
94 0 00000001101111101110
94 1 00000010010001101010
94 2 00000010001001101101
94 3 00000010100010100110
94 4 00000000111010100010
94 5 00000010001001001101
94 6 11111011100111010001
94 7 00000010010101100100
94 8 00000001100110011001
94 9 00000010001000110111
94 10 00000010011100000001
94 11 00000001110111001100
94 12 00000001100100111101
94 13 00000010100100110101
94 14 00000010100110111110
94 15 00000010100001100111
94 16 11111110000100101000
94 17 00000010000100110001
94 18 11111101100010000110
94 19 00000010110111000001
95 0 00000001101111101110
95 1 00000010010001101010
95 2 00000010001001101101
95 3 00000010100010100110
95 4 00000000111010100010
95 5 00000010001001001101
95 6 11111011100111010001
95 7 00000010010101100100
95 8 00000001100110011001
95 9 00000010001000110111
95 10 00000010011100000001
95 11 00000001110111001100
95 12 00000001100100111101
95 13 00000010100100110101
95 14 00000010100110111110
95 15 00000010100001100111
95 16 11111110000100101000
95 17 00000010000100110001
95 18 11111101100010000110
95 19 00000010110111000001
96 0 00000001101111101110
96 1 00000010010001101010
96 2 00000010001001101101
96 3 00000010100010100110
96 4 00000000111010100010
96 5 00000010001001001101
96 6 11111011100111010001
96 7 00000010010101100100
96 8 00000001100110011001
96 9 00000010001000110111
96 10 00000010011100000001
96 11 00000001110111001100
96 12 00000001100100111101
96 13 00000010100100110101
96 14 00000010100110111110
96 15 00000010100001100111
96 16 11111110000100101000
96 17 00000010000100110001
96 18 11111101100010000110
96 19 00000010110111000001
97 0 00000001101111101110
97 1 00000010010001101010
97 2 00000010001001101101
97 3 00000010100010100110
97 4 00000000111010100010
97 5 00000010001001001101
97 6 11111011100111010001
97 7 00000010010101100100
97 8 00000001100110011001
97 9 00000010001000110111
97 10 00000010011100000001
97 11 00000001110111001100
97 12 00000001100100111101
97 13 00000010100100110101
97 14 00000010100110111110
97 15 00000010100001100111
97 16 11111110000100101000
97 17 00000010000100110001
97 18 11111101100010000110
97 19 00000010110111000001
98 0 00000001101111101110
98 1 00000010010001101010
98 2 00000010001001101101
98 3 00000010100010100110
98 4 00000000111010100010
98 5 00000010001001001101
98 6 11111011100111010001
98 7 00000010010101100100
98 8 00000001100110011001
98 9 00000010001000110111
98 10 00000010011100000001
98 11 00000001110111001100
98 12 00000001100100111101
98 13 00000010100100110101
98 14 00000010100110111110
98 15 00000010100001100111
98 16 11111110000100101000
98 17 00000010000100110001
98 18 11111101100010000110
98 19 00000010110111000001
99 0 00000001101111101110
99 1 00000010010001101010
99 2 00000010001001101101
99 3 00000010100010100110
99 4 00000000111010100010
99 5 00000010001001001101
99 6 11111011100111010001
99 7 00000010010101100100
99 8 00000001100110011001
99 9 00000010001000110111
99 10 00000010011100000001
99 11 00000001110111001100
99 12 00000001100100111101
99 13 00000010100100110101
99 14 00000010100110111110
99 15 00000010100001100111
99 16 11111110000100101000
99 17 00000010000100110001
99 18 11111101100010000110
99 19 00000010110111000001
100 0 00000001101111101110
100 1 00000010010001101010
100 2 00000010001001101101
100 3 00000010100010100110
100 4 00000000111010100010
100 5 00000010001001001101
100 6 11111011100111010001
100 7 00000010010101100100
100 8 00000001100110011001
100 9 00000010001000110111
100 10 00000010011100000001
100 11 00000001110111001100
100 12 00000001100100111101
100 13 00000010100100110101
100 14 00000010100110111110
100 15 00000010100001100111
100 16 11111110000100101000
100 17 00000010000100110001
100 18 11111101100010000110
100 19 00000010110111000001
101 0 00000001101111101110
101 1 00000010010001101010
101 2 00000010001001101101
101 3 00000010100010100110
101 4 00000000111010100010
101 5 00000010001001001101
101 6 11111011100111010001
101 7 00000010010101100100
101 8 00000001100110011001
101 9 00000010001000110111
101 10 00000010011100000001
101 11 00000001110111001100
101 12 00000001100100111101
101 13 00000010100100110101
101 14 00000010100110111110
101 15 00000010100001100111
101 16 11111110000100101000
101 17 00000010000100110001
101 18 11111101100010000110
101 19 00000010110111000001
