0 0 000000000000000000000000
0 1 000000000000000000000000
0 2 000000000000000000000000
0 3 000000000000000000000000
0 4 000000000000000000000000
0 5 000000000000000000000000
0 6 000000000000000000000000
0 7 000000000000000000000000
0 8 000000000000000000000000
0 9 000000000000000000000000
1 0 000000000000000000000000
1 1 000000000000000000000000
1 2 000000000000000000000000
1 3 000000000000000000000000
1 4 000000000000000000000000
1 5 000000000000000000000000
1 6 000000000000000000000000
1 7 000000000000000000000000
1 8 000000000000000000000000
1 9 000000000000000000000000
2 0 111111111111110110100001
2 1 111111111111111000100000
2 2 111111111111111111001011
2 3 111111111111111100110010
2 4 111111111111110111111001
2 5 111111111111111001111110
2 6 111111111111110110001011
2 7 111111111111111011111111
2 8 111111111111111100111011
2 9 111111111111111111010101
3 0 111111111111101101111010
3 1 111111111111110011101111
3 2 111111111111111000100111
3 3 111111111111111011101100
3 4 111111111111101111111111
3 5 111111111111110111000011
3 6 111111111111101110001000
3 7 111111111111110110000110
3 8 111111111111111100101000
3 9 000000000000000111010011
4 0 111111111111100000111011
4 1 111111111111110011010001
4 2 111111111111110110000101
4 3 111111111111110100001001
4 4 111111111111101011111111
4 5 111111111111101111011011
4 6 111111111111100001111010
4 7 111111111111110010110000
4 8 111111111111110111111011
4 9 000000000000001110001111
5 0 111111111111011011111101
5 1 111111111111101100001111
5 2 111111111111110101110000
5 3 111111111111101111011000
5 4 111111111111101101111001
5 5 111111111111101100111011
5 6 111111111111011111001101
5 7 111111111111100110110111
5 8 111111111111111011000011
5 9 000000000000010101110001
6 0 111111111111010000101101
6 1 111111111111100111001010
6 2 111111111111110101000111
6 3 111111111111101011100101
6 4 111111111111101101111101
6 5 111111111111101010100111
6 6 111111111111010100000111
6 7 111111111111011110101100
6 8 111111111111111010111011
6 9 000000000000011110100101
7 0 111111111111001001010100
7 1 111111111111011111101010
7 2 111111111111110001011000
7 3 111111111111101000011001
7 4 111111111111101010101011
7 5 111111111111100110100001
7 6 111111111111000110111011
7 7 111111111111011010001010
7 8 111111111111111010101111
7 9 000000000000100101101110
8 0 111111111111000000001111
8 1 111111111111010111010000
8 2 111111111111110101100011
8 3 111111111111011110011001
8 4 111111111111101111011011
8 5 111111111111100010111000
8 6 111111111110111011110100
8 7 111111111111010100100101
8 8 111111111111111011010111
8 9 000000000000101001011011
9 0 111111111110111010110010
9 1 111111111111001100000001
9 2 111111111111110101001111
9 3 111111111111011010011001
9 4 111111111111110000011010
9 5 111111111111100010111001
9 6 111111111110101111010110
9 7 111111111111001011100111
9 8 111111111111111010111111
9 9 000000000000101111011110
10 0 111111111110110101100000
10 1 111111111111000001010001
10 2 111111111111110101001011
10 3 111111111111010100111001
10 4 111111111111110000010110
10 5 111111111111011111100110
10 6 111111111110100010111110
10 7 111111111111000011100011
10 8 111111111111111100100001
10 9 000000000000110101000011
11 0 111111111110110010001111
11 1 111111111110110100010100
11 2 111111111111110011111110
11 3 111111111111001111101100
11 4 111111111111101110001101
11 5 111111111111011100001111
11 6 111111111110011011001100
11 7 111111111110111010111001
11 8 111111111111111111100110
11 9 000000000000111001010001
12 0 111111111110101111010100
12 1 111111111110100011010111
12 2 111111111111110010000100
12 3 111111111111001001110010
12 4 111111111111101101000000
12 5 111111111111011010010000
12 6 111111111110010001101101
12 7 111111111110110100011001
12 8 111111111111111110101010
12 9 000000000000111100010101
13 0 111111111110101000110100
13 1 111111111110010110100111
13 2 111111111111110000101001
13 3 111111111111000001010011
13 4 111111111111101111111001
13 5 111111111111010100000001
13 6 111111111110000011110110
13 7 111111111110110000100101
13 8 111111111111111110000001
13 9 000000000001000011000100
14 0 111111111110100011010100
14 1 111111111110000111011111
14 2 111111111111101110011101
14 3 111111111110111010110001
14 4 111111111111101101011010
14 5 111111111111010001001011
14 6 111111111101111001000100
14 7 111111111110101011000100
14 8 111111111111111001100000
14 9 000000000001000111101101
15 0 111111111110011101110010
15 1 111111111101111011011000
15 2 111111111111101101011000
15 3 111111111110110111011100
15 4 111111111111101010011001
15 5 111111111111001100010100
15 6 111111111101101110110010
15 7 111111111110100100110111
15 8 111111111111110011100011
15 9 000000000001001100100010
16 0 111111111110010101100110
16 1 111111111101110001111010
16 2 111111111111110000010111
16 3 111111111110110001111101
16 4 111111111111101010000011
16 5 111111111111000001110001
16 6 111111111101100011001110
16 7 111111111110100110011011
16 8 111111111111101110011011
16 9 000000000001001110011101
17 0 111111111110001110001001
17 1 111111111101100111101101
17 2 111111111111110000011101
17 3 111111111110101010111011
17 4 111111111111100110001110
17 5 111111111110111000111010
17 6 111111111101011001100000
17 7 111111111110101000010000
17 8 111111111111101011000010
17 9 000000000001010001100100
18 0 111111111110000110000000
18 1 111111111101011111010000
18 2 111111111111110000011010
18 3 111111111110100110000011
18 4 111111111111100010011111
18 5 111111111110110000000001
18 6 111111111101001111110010
18 7 111111111110101011010000
18 8 111111111111100111000101
18 9 000000000001010010010001
19 0 111111111101111101101100
19 1 111111111101010110010111
19 2 111111111111110000010000
19 3 111111111110100011100000
19 4 111111111111011100111100
19 5 111111111110100111101111
19 6 111111111101000110000101
19 7 111111111110110000011001
19 8 111111111111100001101100
19 9 000000000001010001011011
20 0 111111111101110100000110
20 1 111111111101001111111001
20 2 111111111111101111000001
20 3 111111111110100010110001
20 4 111111111111010111000011
20 5 111111111110011111110011
20 6 111111111100111101101100
20 7 111111111110111001010010
20 8 111111111111011010001100
20 9 000000000001010000011001
21 0 111111111101110000001010
21 1 111111111101000100111000
21 2 111111111111101100110011
21 3 111111111110100011010000
21 4 111111111111010010101010
21 5 111111111110011010000011
21 6 111111111100110011110111
21 7 111111111111000001110010
21 8 111111111111010011101001
21 9 000000000001001110100111
22 0 111111111101101100100010
22 1 111111111100111100110011
22 2 111111111111101010110111
22 3 111111111110100010111010
22 4 111111111111001101111001
22 5 111111111110010011110101
22 6 111111111100101001100110
22 7 111111111111001010100110
22 8 111111111111001100110100
22 9 000000000001001100011000
23 0 111111111101101010000111
23 1 111111111100110011100001
23 2 111111111111100010110010
23 3 111111111110011110110111
23 4 111111111111001010010111
23 5 111111111110010000001110
23 6 111111111100100100001100
23 7 111111111111010011011001
23 8 111111111111000101110111
23 9 000000000001001100101100
24 0 111111111101100110111000
24 1 111111111100100110110011
24 2 111111111111100000101110
24 3 111111111110011010001101
24 4 111111111111001010011111
24 5 111111111110001010100111
24 6 111111111100011101101111
24 7 111111111111010111001111
24 8 111111111110111110010110
24 9 000000000001001011111010
25 0 111111111101100000111011
25 1 111111111100011010010101
25 2 111111111111011100001110
25 3 111111111110010110011000
25 4 111111111111001000000000
25 5 111111111110000111101110
25 6 111111111100010110001000
25 7 111111111111011100011011
25 8 111111111110110111000000
25 9 000000000001001100111010
26 0 111111111101011100110111
26 1 111111111100001100000100
26 2 111111111111011000111010
26 3 111111111110010001110110
26 4 111111111111001001111001
26 5 111111111110000001111010
26 6 111111111100010001100110
26 7 111111111111011111100010
26 8 111111111110110001111101
26 9 000000000001001011100100
27 0 111111111101010110101101
27 1 111111111011111111010110
27 2 111111111111010101101100
27 3 111111111110001110110001
27 4 111111111111001001000000
27 5 111111111101111100000001
27 6 111111111100001011001101
27 7 111111111111100011110011
27 8 111111111110101011111001
27 9 000000000001001011000111
28 0 111111111101001010111011
28 1 111111111011110101111100
28 2 111111111111010001001110
28 3 111111111110010010100111
28 4 111111111111000110000110
28 5 111111111101111100000011
28 6 111111111100000010000010
28 7 111111111111100110011011
28 8 111111111110101011101110
28 9 000000000001001011110010
29 0 111111111101000101000111
29 1 111111111011110000010010
29 2 111111111111010000100100
29 3 111111111110001110010000
29 4 111111111111000011010000
29 5 111111111101111011101111
29 6 111111111100000100101001
29 7 111111111111100111100100
29 8 111111111110101010100110
29 9 000000000001000111101110
30 0 111111111100111011111110
30 1 111111111011101001100111
30 2 111111111111010010000011
30 3 111111111110010000101110
30 4 111111111111000100111111
30 5 111111111101110111111001
30 6 111111111011111100111010
30 7 111111111111101001000110
30 8 111111111110011111001001
30 9 000000000001001001100000
31 0 111111111100101111101000
31 1 111111111011100011010001
31 2 111111111111001110001001
31 3 111111111110010000000100
31 4 111111111111000111100000
31 5 111111111101110100110011
31 6 111111111011110010101101
31 7 111111111111101110110000
31 8 111111111110010111111001
31 9 000000000001001101111000
32 0 111111111100100011110101
32 1 111111111011011001000010
32 2 111111111111001011000100
32 3 111111111110010010000111
32 4 111111111111000111101101
32 5 111111111101110000111100
32 6 111111111011101001110011
32 7 111111111111110001011001
32 8 111111111110010110000000
32 9 000000000001001111010101
33 0 111111111100011100101010
33 1 111111111011010000110110
33 2 111111111111000010010000
33 3 111111111110010011111100
33 4 111111111111000111101001
33 5 111111111101110001001010
33 6 111111111011100000100110
33 7 111111111111110101111110
33 8 111111111110001100110000
33 9 000000000001010100011000
34 0 111111111100010100111011
34 1 111111111011000101011101
34 2 111111111110111010110101
34 3 111111111110010110101011
34 4 111111111111000101111010
34 5 111111111101110000101101
34 6 111111111011010111000010
34 7 111111111111111010010110
34 8 111111111110000110100011
34 9 000000000001011000001111
35 0 111111111100001011010011
35 1 111111111010111010111100
35 2 111111111110110110001101
35 3 111111111110011000101010
35 4 111111111111000010010010
35 5 111111111101101101100010
35 6 111111111011001101101101
35 7 111111111111111110011001
35 8 111111111101111111011000
35 9 000000000001011010100010
36 0 111111111100000011000100
36 1 111111111010110000110000
36 2 111111111110110001111110
36 3 111111111110010101000001
36 4 111111111111000000000001
36 5 111111111101101001001011
36 6 111111111011000101001011
36 7 000000000000000011010110
36 8 111111111101110111001111
36 9 000000000001011100001111
37 0 111111111011111001010001
37 1 111111111010100011111110
37 2 111111111110101100111010
37 3 111111111110010110000000
37 4 111111111110111101010111
37 5 111111111101101010100111
37 6 111111111010111011110000
37 7 000000000000000011011101
37 8 111111111101101101101111
37 9 000000000001011111111101
38 0 111111111011110000110111
38 1 111111111010011010000100
38 2 111111111110100110111111
38 3 111111111110010110111001
38 4 111111111110111001001000
38 5 111111111101101010100101
38 6 111111111010110101001001
38 7 000000000000000110010000
38 8 111111111101100011100010
38 9 000000000001100010000110
39 0 111111111011101000011100
39 1 111111111010001100110001
39 2 111111111110100000111110
39 3 111111111110010110001100
39 4 111111111110110101111010
39 5 111111111101101001100010
39 6 111111111010101011101100
39 7 000000000000001000010101
39 8 111111111101011101010010
39 9 000000000001100100010000
40 0 111111111011011111110111
40 1 111111111010000000000101
40 2 111111111110011100101001
40 3 111111111110010110111010
40 4 111111111110110111101110
40 5 111111111101101011100011
40 6 111111111010100100010101
40 7 000000000000000110101111
40 8 111111111101010010100000
40 9 000000000001101000111111
41 0 111111111011010101011010
41 1 111111111001110111110101
41 2 111111111110010111011101
41 3 111111111110010011010001
41 4 111111111110111000101111
41 5 111111111101101010101000
41 6 111111111010011100110010
41 7 000000000000000100101100
41 8 111111111101001001011001
41 9 000000000001101011011001
42 0 111111111011001101001101
42 1 111111111001101110010111
42 2 111111111110010000001110
42 3 111111111110001111001010
42 4 111111111110111001010110
42 5 111111111101101001111111
42 6 111111111010010101101010
42 7 000000000000000101000000
42 8 111111111101000000101110
42 9 000000000001101101000100
43 0 111111111011000110011010
43 1 111111111001101001110111
43 2 111111111110001010011011
43 3 111111111110000101011011
43 4 111111111110111011000111
43 5 111111111101100100100111
43 6 111111111010010001000100
43 7 000000000000000010100111
43 8 111111111100111001101001
43 9 000000000001101110010101
44 0 111111111011000000111001
44 1 111111111001100010000001
44 2 111111111110000100101011
44 3 111111111101111101000000
44 4 111111111110111011110110
44 5 111111111101011110101100
44 6 111111111010001011101101
44 7 000000000000000010000001
44 8 111111111100101111011010
44 9 000000000001101111100110
45 0 111111111010110111110000
45 1 111111111001011101110100
45 2 111111111110000000001001
45 3 111111111101110100001011
45 4 111111111110111110000100
45 5 111111111101010101100010
45 6 111111111010000101011001
45 7 000000000000000001010001
45 8 111111111100101000001100
45 9 000000000001101101110011
46 0 111111111010110010111101
46 1 111111111001011000011011
46 2 111111111101111001111001
46 3 111111111101100111010001
46 4 111111111111000001100101
46 5 111111111101001111011011
46 6 111111111010000011111111
46 7 111111111111111101010001
46 8 111111111100011110001000
46 9 000000000001110000000110
47 0 111111111010101110001011
47 1 111111111001010011000011
47 2 111111111101110011101010
47 3 111111111101011010011010
47 4 111111111111000101000101
47 5 111111111101001001010101
47 6 111111111010000010100101
47 7 111111111111111001010010
47 8 111111111100010100000111
47 9 000000000001110010011000
48 0 111111111010100111001001
48 1 111111111001001010101010
48 2 111111111101101101001111
48 3 111111111101010000111000
48 4 111111111111000011000011
48 5 111111111101000111001110
48 6 111111111001111110100101
48 7 111111111111110111111110
48 8 111111111100001101001000
48 9 000000000001111001100111
49 0 111111111010100010100111
49 1 111111111001000000110110
49 2 111111111101101010100000
49 3 111111111101000111111111
49 4 111111111110111111100010
49 5 111111111101000011011000
49 6 111111111001111001000111
49 7 111111111111110110001010
49 8 111111111100001010011001
49 9 000000000010000001111110
50 0 111111111010011101101010
50 1 111111111000111010111010
50 2 111111111101101001111101
50 3 111111111100111110010100
50 4 111111111110111111000011
50 5 111111111100111100000111
50 6 111111111001110011100110
50 7 111111111111110110000000
50 8 111111111100000101000011
50 9 000000000010001010000001
51 0 111111111010010111101010
51 1 111111111000110100100110
51 2 111111111101101011100000
51 3 111111111100110111011101
51 4 111111111110111100011001
51 5 111111111100110011110001
51 6 111111111001101010010100
51 7 111111111111110110010000
51 8 111111111100000010010100
51 9 000000000010001111111001
52 0 111111111010010010101001
52 1 111111111000101101110011
52 2 111111111101101101010101
52 3 111111111100110010011101
52 4 111111111110111001010010
52 5 111111111100101101111101
52 6 111111111001100101000000
52 7 111111111111110011111110
52 8 111111111100000011110100
52 9 000000000010010010111010
53 0 111111111010001101010100
53 1 111111111000100011011001
53 2 111111111101101010100111
53 3 111111111100101011101010
53 4 111111111110111000011111
53 5 111111111100100111000110
53 6 111111111001011010100110
53 7 111111111111110010001001
53 8 111111111100000001100100
53 9 000000000010011011010101
54 0 111111111010000101111110
54 1 111111111000011001110110
54 2 111111111101101000111101
54 3 111111111100100101101100
54 4 111111111110111000100001
54 5 111111111100100100100101
54 6 111111111001010011000010
54 7 111111111111101111110110
54 8 111111111011111011110111
54 9 000000000010100010101010
55 0 111111111010000001000000
55 1 111111111000010010111000
55 2 111111111101101000110001
55 3 111111111100011110100100
55 4 111111111110111011001101
55 5 111111111100011001011111
55 6 111111111001001011011011
55 7 111111111111110000101101
55 8 111111111011110111011011
55 9 000000000010101001000110
56 0 111111111001111000100100
56 1 111111111000001011000100
56 2 111111111101100101111010
56 3 111111111100011110001101
56 4 111111111110111101001010
56 5 111111111100010101100111
56 6 111111111001000000011100
56 7 111111111111101111001101
56 8 111111111011110010111110
56 9 000000000010110001011010
57 0 111111111001110111110000
57 1 111111111000000100100001
57 2 111111111101100111111001
57 3 111111111100011010010111
57 4 111111111110111110110011
57 5 111111111100001110001101
57 6 111111111000110110001101
57 7 111111111111101110100111
57 8 111111111011101100110101
57 9 000000000010110111110110
58 0 111111111001111001100100
58 1 111111111000000001010101
58 2 111111111101101000101100
58 3 111111111100010110111000
58 4 111111111111000010100000
58 5 111111111100000010111110
58 6 111111111000110011001110
58 7 111111111111110001001011
58 8 111111111011100101100100
58 9 000000000010111101001100
59 0 111111111001111000011100
59 1 111111110111111100010111
59 2 111111111101100110111001
59 3 111111111100010011001110
59 4 111111111111000101001001
59 5 111111111011111001001100
59 6 111111111000101110011011
59 7 111111111111110000101001
59 8 111111111011100001100010
59 9 000000000011000000011100
60 0 111111111001110101111111
60 1 111111110111110101010011
60 2 111111111101100100100010
60 3 111111111100001100011000
60 4 111111111111001010110000
60 5 111111111011111010000010
60 6 111111111000101010111111
60 7 111111111111101101101111
60 8 111111111011010111011111
60 9 000000000011000110100110
61 0 111111111001111001001100
61 1 111111110111101110011110
61 2 111111111101100110111110
61 3 111111111100001001110010
61 4 111111111111001000111011
61 5 111111111011110001000110
61 6 111111111000101000000111
61 7 111111111111101110010011
61 8 111111111011010001100111
61 9 000000000011001010101100
62 0 111111111001111011111111
62 1 111111110111101010101001
62 2 111111111101101000110000
62 3 111111111100000011110000
62 4 111111111111001101101100
62 5 111111111011100100100110
62 6 111111111000100101001010
62 7 111111111111101111010101
62 8 111111111011001101000100
62 9 000000000011001110111101
63 0 111111111001111011001011
63 1 111111110111100111001101
63 2 111111111101100110011111
63 3 111111111100000000010100
63 4 111111111111010101011001
63 5 111111111011100010100001
63 6 111111111000011111110110
63 7 111111111111110001111100
63 8 111111111011000000100100
63 9 000000000011010101111011
64 0 111111111001111010011110
64 1 111111110111100101111001
64 2 111111111101100011100011
64 3 111111111011110100100110
64 4 111111111111011000011001
64 5 111111111011011001010001
64 6 111111111000011011110000
64 7 111111111111110110000001
64 8 111111111010111000011010
64 9 000000000011011110011000
65 0 111111111001110011110110
65 1 111111110111100001001111
65 2 111111111101100000000010
65 3 111111111011110011000110
65 4 111111111111011101100101
65 5 111111111011010100110100
65 6 111111111000010001010001
65 7 111111111111110100101001
65 8 111111111010110001111001
65 9 000000000011101000100000
66 0 111111111001101100010000
66 1 111111110111011111000110
66 2 111111111101011110100011
66 3 111111111011101110011010
66 4 111111111111100110100100
66 5 111111111011010000010101
66 6 111111111000001011101110
66 7 111111111111110011110110
66 8 111111111010101110110010
66 9 000000000011101110101100
67 0 111111111001101001000001
67 1 111111110111011111000110
67 2 111111111101011111110000
67 3 111111111011101101001100
67 4 111111111111101011001000
67 5 111111111011000110011110
67 6 111111111000001000001010
67 7 111111111111110100101000
67 8 111111111010101111110001
67 9 000000000011110010001001
68 0 111111111001100110001010
68 1 111111110111011011101110
68 2 111111111101011100100000
68 3 111111111011100110010000
68 4 111111111111110000001111
68 5 111111111011000101010001
68 6 111111111000001000100110
68 7 111111111111110001010110
68 8 111111111010101100001100
68 9 000000000011111010111100
69 0 111111111001100110110100
69 1 111111110111011010111100
69 2 111111111101011011010111
69 3 111111111011011111101101
69 4 111111111111110011110100
69 5 111111111011000100000100
69 6 111111111000001011010111
69 7 111111111111110000011011
69 8 111111111010101000011010
69 9 000000000011111101101100
70 0 111111111001100110100001
70 1 111111110111010101101111
70 2 111111111101011110011001
70 3 111111111011010011111110
70 4 111111111111111001001101
70 5 111111111010111011101100
70 6 111111111000001100000000
70 7 111111111111110010001001
70 8 111111111010100010001010
70 9 000000000100000001100111
71 0 111111111001100101110110
71 1 111111110111011000011101
71 2 111111111101011101010011
71 3 111111111011010011000110
71 4 111111111111111010101110
71 5 111111111010111110001000
71 6 111111111000001101000010
71 7 111111111111110001111111
71 8 111111111010100010000111
71 9 000000000100000001100111
72 0 111111111001100100111000
72 1 111111110111010111010011
72 2 111111111101010111001001
72 3 111111111011010000100101
72 4 000000000000000000010101
72 5 111111111010110110001011
72 6 111111111000000111001110
72 7 111111111111110011011101
72 8 111111111010011001110111
72 9 000000000100001010110111
73 0 111111111001100011010110
73 1 111111110111010111000111
73 2 111111111101010101111110
73 3 111111111011001110010101
73 4 000000000000000010110110
73 5 111111111010101101000100
73 6 111111111000000100000100
73 7 111111111111101111110110
73 8 111111111010011001001101
73 9 000000000100010010000000
74 0 111111111001011101000011
74 1 111111110111010011101110
74 2 111111111101010011100000
74 3 111111111011001001110001
74 4 000000000000000110100001
74 5 111111111010110000110111
74 6 111111111000000101110100
74 7 111111111111101010010000
74 8 111111111010011110100000
74 9 000000000100010101010110
75 0 111111111001011011111111
75 1 111111110111001111110001
75 2 111111111101010101010101
75 3 111111111011001000100110
75 4 000000000000000111011100
75 5 111111111010101111101001
75 6 111111111000000100111100
75 7 111111111111100011111101
75 8 111111111010100010010011
75 9 000000000100011000100001
76 0 111111111001011001011110
76 1 111111110111001011111101
76 2 111111111101010011111100
76 3 111111111011000111001110
76 4 000000000000000000101000
76 5 111111111010110001110011
76 6 111111111000000101101010
76 7 111111111111011011101111
76 8 111111111010100111000101
76 9 000000000100011110011111
77 0 111111111001010101000111
77 1 111111110111001010111100
77 2 111111111101001110010111
77 3 111111111011000000010101
77 4 111111111111111110100110
77 5 111111111010101101101010
77 6 111111111000000010101001
77 7 111111111111010111011011
77 8 111111111010101100110000
77 9 000000000100100100100101
78 0 111111111001010100110001
78 1 111111110111000010111010
78 2 111111111101001010010011
78 3 111111111010111100000001
78 4 111111111111111011010100
78 5 111111111010101010010000
78 6 111111110111111111001101
78 7 111111111111010000111000
78 8 111111111010110010000110
78 9 000000000100101010100001
79 0 111111111001010100111000
79 1 111111110110111000010001
79 2 111111111101000101000101
79 3 111111111010111100000101
79 4 111111111111111000111110
79 5 111111111010101001111111
79 6 111111110111110111101011
79 7 111111111111001100101011
79 8 111111111010110010101001
79 9 000000000100110010011100
80 0 111111111001010101110000
80 1 111111110110101110000001
80 2 111111111101000000100111
80 3 111111111010110111100001
80 4 111111111111110110001110
80 5 111111111010100110101100
80 6 111111110111110010010100
80 7 111111111111000101011101
80 8 111111111010110100010111
80 9 000000000100111001100101
81 0 111111111001010011011000
81 1 111111110110100100000100
81 2 111111111100111100001000
81 3 111111111010110101000010
81 4 111111111111110011110011
81 5 111111111010100011001000
81 6 111111110111101011000001
81 7 111111111110111101010001
81 8 111111111010110110110000
81 9 000000000100111100111100
82 0 111111111001001110100010
82 1 111111110110011010011000
82 2 111111111100111000000000
82 3 111111111010110001110000
82 4 111111111111110001100001
82 5 111111111010011111100000
82 6 111111110111100000111000
82 7 111111111110110110110010
82 8 111111111010110110010101
82 9 000000000100111111111101
83 0 111111111001001010001011
83 1 111111110110010000110011
83 2 111111111100110100001111
83 3 111111111010110000010111
83 4 111111111111101011001010
83 5 111111111010011111010110
83 6 111111110111010111110111
83 7 111111111110101101011011
83 8 111111111010111010001101
83 9 000000000101000010001110
84 0 111111111001000111000011
84 1 111111110110001100010110
84 2 111111111100101101100010
84 3 111111111010110000000100
84 4 111111111111100100010011
84 5 111111111010011110100001
84 6 111111110111010000001110
84 7 111111111110100111111111
84 8 111111111010111101111010
84 9 000000000101000010010000
85 0 111111111001000001011010
85 1 111111110110000110111010
85 2 111111111100101010111110
85 3 111111111010101110100111
85 4 111111111111100000111100
85 5 111111111010011010010010
85 6 111111110111000100011001
85 7 111111111110100101011000
85 8 111111111010111100010111
85 9 000000000101000100101011
86 0 111111111000111001011111
86 1 111111110110000010000100
86 2 111111111100100100110110
86 3 111111111010101100000111
86 4 111111111111011100110001
86 5 111111111010011000101010
86 6 111111110110111001011110
86 7 111111111110100011010000
86 8 111111111010111010011000
86 9 000000000101001000010100
87 0 111111111000110110110001
87 1 111111110101111101001111
87 2 111111111100011111100000
87 3 111111111010101010011101
87 4 111111111111010110000001
87 5 111111111010011010000100
87 6 111111110110110001001001
87 7 111111111110011101110101
87 8 111111111010111101101000
87 9 000000000101001001010111
88 0 111111111000101111100110
88 1 111111110101111000000110
88 2 111111111100011101010001
88 3 111111111010101100011001
88 4 111111111111001111001011
88 5 111111111010011011001101
88 6 111111110110101000110010
88 7 111111111110011000101111
88 8 111111111011000011100100
88 9 000000000101001100110111
89 0 111111111000101001000010
89 1 111111110101110001001100
89 2 111111111100011010110010
89 3 111111111010101011011110
89 4 111111111111001010110010
89 5 111111111010011010010100
89 6 111111110110011101000100
89 7 111111111110010101110111
89 8 111111111011000101100100
89 9 000000000101010010100111
90 0 111111111000100000111001
90 1 111111110101101110110101
90 2 111111111100010110011010
90 3 111111111010101100010001
90 4 111111111111000100011010
90 5 111111111010011001001000
90 6 111111110110010101110001
90 7 111111111110010010010100
90 8 111111111011001010011000
90 9 000000000101010100110001
91 0 111111111000011000001111
91 1 111111110101101100001101
91 2 111111111100010010001001
91 3 111111111010101101011000
91 4 111111111110111110110011
91 5 111111111010010111001000
91 6 111111110110001100100110
91 7 111111111110010001000000
91 8 111111111011001101001100
91 9 000000000101010111101110
92 0 111111111000010000111100
92 1 111111110101101001000101
92 2 111111111100001011000001
92 3 111111111010101110011101
92 4 111111111110111000101001
92 5 111111111010010111010110
92 6 111111110110000110100110
92 7 111111111110010001001001
92 8 111111111011001110010000
92 9 000000000101011010001000
93 0 111111111000001011011001
93 1 111111110101100111100000
93 2 111111111100000110000000
93 3 111111111010101111001110
93 4 111111111110110010000110
93 5 111111111010011001111111
93 6 111111110110000000010000
93 7 111111111110001101111100
93 8 111111111011001110111110
93 9 000000000101011100101110
94 0 111111111000000100111011
94 1 111111110101100110001000
94 2 111111111100000011000001
94 3 111111111010101111111000
94 4 111111111110101100111100
94 5 111111111010010101100010
94 6 111111110101111000111011
94 7 111111111110001100111111
94 8 111111111011010001000100
94 9 000000000101011101101010
95 0 111111110111111111010110
95 1 111111110101100100001111
95 2 111111111100000001000010
95 3 111111111010110101000111
95 4 111111111110100111110010
95 5 111111111010001111110000
95 6 111111110101110001011011
95 7 111111111110001110101011
95 8 111111111011010001101001
95 9 000000000101011110000000
96 0 111111110111110111001010
96 1 111111110101100100110101
96 2 111111111100000011001010
96 3 111111111010111111101011
96 4 111111111110100000011001
96 5 111111111010001010101101
96 6 111111110101100111100101
96 7 111111111110001111010010
96 8 111111111011010011000100
96 9 000000000101011100011001
97 0 111111110111110101111100
97 1 111111110101100101011111
97 2 111111111011111111101100
97 3 111111111010111110100010
97 4 111111111110011011110100
97 5 111111111010000111010100
97 6 111111110101011111100110
97 7 111111111110001111100111
97 8 111111111011010001011011
97 9 000000000101100000110100
98 0 111111110111110011101111
98 1 111111110101100100110000
98 2 111111111011111100000100
98 3 111111111010111101010101
98 4 111111111110011000011011
98 5 111111111010000011010001
98 6 111111110101011000000110
98 7 111111111110010010000011
98 8 111111111011010010011111
98 9 000000000101100101011101
99 0 111111110111111000000001
99 1 111111110101100011100101
99 2 111111111011111001110000
99 3 111111111010111110000000
99 4 111111111110011001110111
99 5 111111111010000000000101
99 6 111111110101010011110011
99 7 111111111110001111101111
99 8 111111111011001101111011
99 9 000000000101101011001010
100 0 111111110111111100101000
100 1 111111110101100001110111
100 2 111111111011111110000111
100 3 111111111010111111001101
100 4 111111111110011011011000
100 5 111111111001111100010101
100 6 111111110101001111101110
100 7 111111111110001101110000
100 8 111111111011010000001101
100 9 000000000101101010001110
101 0 111111111000000001000000
101 1 111111110101011101110100
101 2 111111111011111100010000
101 3 111111111010111110111011
101 4 111111111110011010110011
101 5 111111111001111011100100
101 6 111111110101001010000010
101 7 111111111110001101111110
101 8 111111111011010000001110
101 9 000000000101101011101101
