0 0 000000000000000000000000
0 1 000000000000000000000000
0 2 000000000000000000000000
0 3 000000000000000000000000
0 4 000000000000000000000000
0 5 000000000000000000000000
0 6 000000000000000000000000
0 7 000000000000000000000000
0 8 000000000000000000000000
0 9 000000000000000000000000
1 0 000000000000000000000000
1 1 000000000000000000000000
1 2 000000000000000000000000
1 3 000000000000000000000000
1 4 000000000000000000000000
1 5 000000000000000000000000
1 6 000000000000000000000000
1 7 000000000000000000000000
1 8 000000000000000000000000
1 9 000000000000000000000000
2 0 111111111111111010101110
2 1 111111111111111101100100
2 2 111111111111111110001110
2 3 000000000000000000111100
2 4 111111111111111011011010
2 5 000000000000000100100100
2 6 111111111111111100001001
2 7 111111111111110101001110
2 8 111111111111111110010111
2 9 111111111111111001000110
3 0 111111111111111010011001
3 1 000000000000000011011100
3 2 111111111111111101000100
3 3 111111111111111010101011
3 4 111111111111110011110011
3 5 000000000000000001001011
3 6 111111111111111011000010
3 7 111111111111110101100110
3 8 111111111111110101001000
3 9 111111111111101010001100
4 0 111111111111111101111000
4 1 111111111111111110011101
4 2 111111111111111100101000
4 3 111111111111110100000001
4 4 111111111111101110000000
4 5 111111111111111110110010
4 6 111111111111111110100100
4 7 111111111111110010100111
4 8 111111111111110010110011
4 9 111111111111101000000101
5 0 111111111111110000111101
5 1 111111111111111100101100
5 2 111111111111110101110010
5 3 111111111111110110110111
5 4 111111111111110001011111
5 5 000000000000000000110010
5 6 111111111111111110110011
5 7 111111111111101100100011
5 8 111111111111110000010010
5 9 111111111111100111011010
6 0 111111111111110001000101
6 1 111111111111110101000000
6 2 111111111111110101000001
6 3 111111111111110011100010
6 4 111111111111101111100011
6 5 111111111111111101001100
6 6 000000000000000000101110
6 7 111111111111100101100000
6 8 111111111111101101001101
6 9 111111111111100010001001
7 0 111111111111101101011011
7 1 111111111111101011100010
7 2 111111111111110011100101
7 3 111111111111110001000000
7 4 111111111111101101000101
7 5 111111111111111000011111
7 6 000000000000000000011000
7 7 111111111111011110000110
7 8 111111111111110011000011
7 9 111111111111011110011101
8 0 111111111111101101110001
8 1 111111111111100011000110
8 2 111111111111110011011111
8 3 111111111111101101011010
8 4 111111111111101000111010
8 5 111111111111111000000011
8 6 111111111111111111111101
8 7 111111111111011000001011
8 8 111111111111110100101001
8 9 111111111111011001010111
9 0 111111111111101100110101
9 1 111111111111011001110001
9 2 111111111111110011100001
9 3 111111111111101000001101
9 4 111111111111100100010011
9 5 111111111111110100110010
9 6 000000000000000100011100
9 7 111111111111001101011011
9 8 111111111111110010100110
9 9 111111111111010001001011
10 0 111111111111101000110101
10 1 111111111111010011000100
10 2 111111111111110010110111
10 3 111111111111100101100000
10 4 111111111111100001011011
10 5 111111111111110101100011
10 6 000000000000000000000110
10 7 111111111111000100111110
10 8 111111111111111000011000
10 9 111111111111001101000111
11 0 111111111111101010110111
11 1 111111111111000110111001
11 2 111111111111110010001111
11 3 111111111111011101101110
11 4 111111111111011101001010
11 5 111111111111110110110110
11 6 111111111111111111110111
11 7 111111111110111011111111
11 8 111111111111111010000110
11 9 111111111111001110110011
12 0 111111111111101000000111
12 1 111111111111000000110011
12 2 111111111111101111010100
12 3 111111111111010101010001
12 4 111111111111011001000111
12 5 111111111111111001001110
12 6 000000000000000000110100
12 7 111111111110110000110001
12 8 111111111111111101010001
12 9 111111111111001111010001
13 0 111111111111100110000111
13 1 111111111110110100101011
13 2 111111111111101010011010
13 3 111111111111001110100001
13 4 111111111111011000011110
13 5 111111111111111100101111
13 6 000000000000000001010101
13 7 111111111110100111000010
13 8 000000000000000001011110
13 9 111111111111010001011111
14 0 111111111111100010001011
14 1 111111111110101110100111
14 2 111111111111100100010110
14 3 111111111111000101010001
14 4 111111111111010101101111
14 5 000000000000000000111101
14 6 000000000000000101011110
14 7 111111111110011100111011
14 8 000000000000000011111110
14 9 111111111111010100110110
15 0 111111111111100010001010
15 1 111111111110100100001110
15 2 111111111111011100001101
15 3 111111111110111110000101
15 4 111111111111010011010010
15 5 000000000000000101101001
15 6 000000000000001001011110
15 7 111111111110010011101100
15 8 000000000000000100001110
15 9 111111111111011001101010
16 0 111111111111011111011110
16 1 111111111110011110111010
16 2 111111111111010110011000
16 3 111111111110110101110010
16 4 111111111111010010111001
16 5 000000000000000111101000
16 6 000000000000001000110110
16 7 111111111110001100010101
16 8 000000000000001000010010
16 9 111111111111011111010101
17 0 111111111111011111001010
17 1 111111111110010110010111
17 2 111111111111001101111110
17 3 111111111110101111000111
17 4 111111111111010000110011
17 5 000000000000001001011011
17 6 000000000000000111110100
17 7 111111111110000011000101
17 8 000000000000001101011001
17 9 111111111111100101001000
18 0 111111111111100000111001
18 1 111111111110001101100001
18 2 111111111111000100101110
18 3 111111111110101001110001
18 4 111111111111001110000110
18 5 000000000000001011101110
18 6 000000000000000101011001
18 7 111111111101111001111010
18 8 000000000000010010110110
18 9 111111111111101001110000
19 0 111111111111100000010101
19 1 111111111110000110111101
19 2 111111111110111101000111
19 3 111111111110100100100111
19 4 111111111111001001000011
19 5 000000000000010000011000
19 6 000000000000000010101100
19 7 111111111101110010111011
19 8 000000000000010110110110
19 9 111111111111101111000100
20 0 111111111111100000100000
20 1 111111111110000000010000
20 2 111111111110110100010111
20 3 111111111110011111010001
20 4 111111111111000111100111
20 5 000000000000010011100000
20 6 111111111111111100010010
20 7 111111111101101101111001
20 8 000000000000011001100101
20 9 111111111111110110100111
21 0 111111111111011111110110
21 1 111111111101111001101110
21 2 111111111110101001001101
21 3 111111111110011000101001
21 4 111111111111000101011000
21 5 000000000000010111110001
21 6 111111111111110110111001
21 7 111111111101100110010001
21 8 000000000000011101110001
21 9 000000000000000000100000
22 0 111111111111011100001001
22 1 111111111101110110101001
22 2 111111111110011100101101
22 3 111111111110010011100000
22 4 111111111111000100100110
22 5 000000000000011011001010
22 6 111111111111110000101001
22 7 111111111101100000111010
22 8 000000000000011101100101
22 9 000000000000001010011011
23 0 111111111111010111100010
23 1 111111111101110010011110
23 2 111111111110001110001101
23 3 111111111110010001011001
23 4 111111111111000010111001
23 5 000000000000100010011111
23 6 111111111111100111100100
23 7 111111111101011110100001
23 8 000000000000011001000101
23 9 000000000000010001100010
24 0 111111111111010100000000
24 1 111111111101101101101001
24 2 111111111101111101110101
24 3 111111111110001100111101
24 4 111111111110111111100100
24 5 000000000000101101000100
24 6 111111111111011110100111
24 7 111111111101011010011000
24 8 000000000000010101101111
24 9 000000000000010110111000
25 0 111111111111010000000100
25 1 111111111101101011000101
25 2 111111111101101111000000
25 3 111111111110001000101110
25 4 111111111110111011011101
25 5 000000000000110111011111
25 6 111111111111011001001011
25 7 111111111101010001111011
25 8 000000000000010011111011
25 9 000000000000011101000110
26 0 111111111111001010111100
26 1 111111111101100101100110
26 2 111111111101100000101101
26 3 111111111110001000111000
26 4 111111111110111000000100
26 5 000000000000111110100111
26 6 111111111111010000001100
26 7 111111111101001110111000
26 8 000000000000010001100010
26 9 000000000000100010111000
27 0 111111111111000101100101
27 1 111111111101100100010101
27 2 111111111101011001101000
27 3 111111111110001000011001
27 4 111111111110111010100011
27 5 000000000001000010011111
27 6 111111111111001010101001
27 7 111111111101001101111100
27 8 000000000000001011101010
27 9 000000000000100011101011
28 0 111111111111000000111000
28 1 111111111101100110100011
28 2 111111111101001101100101
28 3 111111111110001000000100
28 4 111111111110110100100101
28 5 000000000001001000101101
28 6 111111111111000101111111
28 7 111111111101001100000110
28 8 000000000000001100001000
28 9 000000000000100101011001
29 0 111111111111000000010010
29 1 111111111101101001011111
29 2 111111111101001000111100
29 3 111111111110001001101101
29 4 111111111110101110101110
29 5 000000000001001001111101
29 6 111111111110111101001110
29 7 111111111101001100011110
29 8 000000000000000110000000
29 9 000000000000101001011101
30 0 111111111111000011111100
30 1 111111111101101000111100
30 2 111111111101000111001001
30 3 111111111110001011010010
30 4 111111111110101101001001
30 5 000000000001000111000111
30 6 111111111110111100000111
30 7 111111111101001011101000
30 8 000000000000000101000000
30 9 000000000000101011100000
31 0 111111111111000101011110
31 1 111111111101100100101000
31 2 111111111100111010100011
31 3 111111111110000111010001
31 4 111111111110100111110100
31 5 000000000001001101110101
31 6 111111111110110110000000
31 7 111111111101000110010010
31 8 111111111111111111111000
31 9 000000000000110011101111
32 0 111111111111000011001111
32 1 111111111101100100110000
32 2 111111111100101111111011
32 3 111111111110000110001111
32 4 111111111110100100110110
32 5 000000000001010110110110
32 6 111111111110111001011101
32 7 111111111101000000001011
32 8 111111111111111011011101
32 9 000000000000110111000111
33 0 111111111110111101010101
33 1 111111111101100111000011
33 2 111111111100101000000111
33 3 111111111110000011100010
33 4 111111111110100001011101
33 5 000000000001011010110010
33 6 111111111110110100010000
33 7 111111111100111110001010
33 8 111111111111111101101011
33 9 000000000000111010101101
34 0 111111111110111010110110
34 1 111111111101100011100010
34 2 111111111100100011011101
34 3 111111111101111110110110
34 4 111111111110011101001110
34 5 000000000001011111111011
34 6 111111111110110010001110
34 7 111111111100111110001010
34 8 000000000000000000101101
34 9 000000000000111010100111
35 0 111111111110111010000111
35 1 111111111101100001101100
35 2 111111111100011010100001
35 3 111111111101111010110000
35 4 111111111110011010001111
35 5 000000000001100101100011
35 6 111111111110110100111111
35 7 111111111100111001011101
35 8 000000000000000001101010
35 9 000000000000111010011111
36 0 111111111110111101100100
36 1 111111111101011011111111
36 2 111111111100010001111111
36 3 111111111101110100110010
36 4 111111111110010110001110
36 5 000000000001101110111111
36 6 111111111110110011010110
36 7 111111111100110100000110
36 8 000000000000000000011000
36 9 000000000000111000000001
37 0 111111111111000010110101
37 1 111111111101010111111111
37 2 111111111100001110001010
37 3 111111111101101101101100
37 4 111111111110010101000000
37 5 000000000001110010010100
37 6 111111111110110101100010
37 7 111111111100101001101110
37 8 000000000000000010100011
37 9 000000000000110111111011
38 0 111111111111000010010101
38 1 111111111101011000001010
38 2 111111111100001001011111
38 3 111111111101101011101101
38 4 111111111110010000111101
38 5 000000000001110101011001
38 6 111111111110110010100001
38 7 111111111100100011101100
38 8 000000000000000100000111
38 9 000000000000110110111001
39 0 111111111111000001000100
39 1 111111111101010101011110
39 2 111111111100000011011000
39 3 111111111101101110110101
39 4 111111111110001000111001
39 5 000000000001111100101000
39 6 111111111110101110001001
39 7 111111111100011100110111
39 8 000000000000000101110001
39 9 000000000000111001000100
40 0 111111111110111110111111
40 1 111111111101010100110001
40 2 111111111011111101101110
40 3 111111111101101001011100
40 4 111111111110000101100111
40 5 000000000010000000001001
40 6 111111111110101000000010
40 7 111111111100011100100001
40 8 000000000000000011011000
40 9 000000000000110111111010
41 0 111111111111000000000111
41 1 111111111101010000001111
41 2 111111111011111010000101
41 3 111111111101100010111111
41 4 111111111101111110111111
41 5 000000000010000101011010
41 6 111111111110011110101011
41 7 111111111100011011110001
41 8 111111111111111110011100
41 9 000000000000110100111101
42 0 111111111111000000010010
42 1 111111111101010000001010
42 2 111111111011110011110000
42 3 111111111101100001010010
42 4 111111111101110101100010
42 5 000000000010001111100001
42 6 111111111110011110101100
42 7 111111111100010100100011
42 8 111111111111111001000111
42 9 000000000000110001111111
43 0 111111111111000110010111
43 1 111111111101001011101010
43 2 111111111011101111010110
43 3 111111111101011001110000
43 4 111111111101101110111110
43 5 000000000010010010101011
43 6 111111111110100000000001
43 7 111111111100010000000000
43 8 111111111111111000110111
43 9 000000000000110010001000
44 0 111111111111001100010000
44 1 111111111101000011100110
44 2 111111111011101110110000
44 3 111111111101010010011111
44 4 111111111101101000001001
44 5 000000000010010101111001
44 6 111111111110100011011100
44 7 111111111100001001000011
44 8 111111111111111000001010
44 9 000000000000101110100010
45 0 111111111111001110111110
45 1 111111111100111101110010
45 2 111111111011101110011101
45 3 111111111101001010110111
45 4 111111111101100011110010
45 5 000000000010010100101101
45 6 111111111110100111100110
45 7 111111111100000011010001
45 8 111111111111111011010010
45 9 000000000000101011000101
46 0 111111111111010100011110
46 1 111111111100110111110110
46 2 111111111011110001011111
46 3 111111111101000100111000
46 4 111111111101011101101011
46 5 000000000010010010000010
46 6 111111111110101001010111
46 7 111111111011111101011100
46 8 111111111111111100100001
46 9 000000000000100110001100
47 0 111111111111011000010111
47 1 111111111100110001110100
47 2 111111111011110011011011
47 3 111111111100111111100011
47 4 111111111101010110000100
47 5 000000000010010001100100
47 6 111111111110101010010111
47 7 111111111011110101101011
47 8 111111111111111100101111
47 9 000000000000100000001110
48 0 111111111111011100000000
48 1 111111111100101011111000
48 2 111111111011110110011011
48 3 111111111100111001100111
48 4 111111111101001111101001
48 5 000000000010001111111101
48 6 111111111110101100001100
48 7 111111111011110000110011
48 8 111111111111111100000111
48 9 000000000000011100001011
49 0 111111111111011011100010
49 1 111111111100101001011100
49 2 111111111011111001100010
49 3 111111111100110100000111
49 4 111111111101001011110000
49 5 000000000010001011001100
49 6 111111111110101010101011
49 7 111111111011110000100001
49 8 111111111111111000011110
49 9 000000000000011010100000
50 0 111111111111011010001011
50 1 111111111100101001100000
50 2 111111111011111000100111
50 3 111111111100101101101111
50 4 111111111101000110010001
50 5 000000000010001000101011
50 6 111111111110101011010100
50 7 111111111011110001001011
50 8 111111111111110110011100
50 9 000000000000011000100011
51 0 111111111111010010011000
51 1 111111111100101010110101
51 2 111111111011110100001110
51 3 111111111100101100010010
51 4 111111111101000110111001
51 5 000000000010000001010011
51 6 111111111110101010010001
51 7 111111111011110100001100
51 8 111111111111110100111011
51 9 000000000000011000110100
52 0 111111111111001001101101
52 1 111111111100101100011100
52 2 111111111011110000100110
52 3 111111111100101010101111
52 4 111111111101000111111111
52 5 000000000001111100111101
52 6 111111111110100110110010
52 7 111111111011110100001001
52 8 111111111111110110111010
52 9 000000000000011001000011
53 0 111111111110111111110100
53 1 111111111100101111001111
53 2 111111111011101000101110
53 3 111111111100101100001010
53 4 111111111101000111011010
53 5 000000000001111110001000
53 6 111111111110100011101000
53 7 111111111011110010000001
53 8 111111111111110111010110
53 9 000000000000011001100001
54 0 111111111110110110110001
54 1 111111111100110101110000
54 2 111111111011100100100111
54 3 111111111100110000100110
54 4 111111111101000101111110
54 5 000000000001111100011001
54 6 111111111110100001001101
54 7 111111111011110000100110
54 8 111111111111110111101011
54 9 000000000000011000001000
55 0 111111111110101100101111
55 1 111111111100111100001111
55 2 111111111011011100110000
55 3 111111111100110111110101
55 4 111111111101000001000111
55 5 000000000001111111101101
55 6 111111111110011111110100
55 7 111111111011101110011001
55 8 111111111111110110110001
55 9 000000000000010100100011
56 0 111111111110011011000110
56 1 111111111100111110011110
56 2 111111111011011010100110
56 3 111111111101000001001110
56 4 111111111100111101100101
56 5 000000000010000000010100
56 6 111111111110011001101001
56 7 111111111011101011011010
56 8 111111111111111001010001
56 9 000000000000010010111100
57 0 111111111110010000110100
57 1 111111111100111011111111
57 2 111111111011010111011011
57 3 111111111101001001010101
57 4 111111111100111010010101
57 5 000000000010000101000100
57 6 111111111110011011001100
57 7 111111111011100100010111
57 8 111111111111111000011111
57 9 000000000000001111000011
58 0 111111111110000100011000
58 1 111111111100111010111000
58 2 111111111011010010010101
58 3 111111111101010010000101
58 4 111111111100110011111110
58 5 000000000010001011101010
58 6 111111111110011011100110
58 7 111111111011011101111001
58 8 111111111111110111111000
58 9 000000000000001100111111
59 0 111111111101111001101101
59 1 111111111100111000001100
59 2 111111111011001111100100
59 3 111111111101011010000110
59 4 111111111100110001011011
59 5 000000000010001111110100
59 6 111111111110011101000101
59 7 111111111011010110111001
59 8 111111111111111000000000
59 9 000000000000001000101010
60 0 111111111101101110001010
60 1 111111111100110101111001
60 2 111111111011001100110001
60 3 111111111101100011011100
60 4 111111111100101100111011
60 5 000000000010010011010111
60 6 111111111110011111100100
60 7 111111111011010000100111
60 8 111111111111111001010011
60 9 000000000000000011011100
61 0 111111111101100001111011
61 1 111111111100110011101110
61 2 111111111011001000010111
61 3 111111111101101000000011
61 4 111111111100101011000001
61 5 000000000010011000101111
61 6 111111111110100001100100
61 7 111111111011000111010011
61 8 111111111111111011000100
61 9 000000000000000000010101
62 0 111111111101010100011111
62 1 111111111100101111001110
62 2 111111111011000100001001
62 3 111111111101101100101101
62 4 111111111100100101111101
62 5 000000000010100000111000
62 6 111111111110100010010000
62 7 111111111010111101000011
62 8 111111111111111111100111
62 9 111111111111111101001001
63 0 111111111101000101101100
63 1 111111111100101111001001
63 2 111111111010111110110111
63 3 111111111101110001001110
63 4 111111111100100010101000
63 5 000000000010100011010000
63 6 111111111110100101000010
63 7 111111111010110101101001
63 8 000000000000000100011010
63 9 111111111111111011010100
64 0 111111111101000000100000
64 1 111111111100101011100100
64 2 111111111010111001000101
64 3 111111111101110011001001
64 4 111111111100011110110011
64 5 000000000010101000110100
64 6 111111111110101001100101
64 7 111111111010101011011101
64 8 000000000000000110111110
64 9 111111111111111101010101
65 0 111111111100110101110010
65 1 111111111100101000100000
65 2 111111111010101111011001
65 3 111111111101110111111001
65 4 111111111100010111100001
65 5 000000000010110001101000
65 6 111111111110101010011110
65 7 111111111010100110110000
65 8 000000000000001000010111
65 9 111111111111111101100011
66 0 111111111100101001010011
66 1 111111111100101000100001
66 2 111111111010100100110010
66 3 111111111101111010101100
66 4 111111111100010010001000
66 5 000000000010111011100011
66 6 111111111110101100101010
66 7 111111111010011111110111
66 8 000000000000001000001101
66 9 111111111111111110101011
67 0 111111111100011110010100
67 1 111111111100100110111001
67 2 111111111010011101111011
67 3 111111111101111101010110
67 4 111111111100001111000011
67 5 000000000010111111000000
67 6 111111111110101110010110
67 7 111111111010010111111011
67 8 000000000000001000110100
67 9 000000000000000011101000
68 0 111111111100010000001111
68 1 111111111100100111001110
68 2 111111111010010110111010
68 3 111111111110000000110110
68 4 111111111100001010110110
68 5 000000000011000010000111
68 6 111111111110101110111000
68 7 111111111010001100100101
68 8 000000000000001100001010
68 9 000000000000000101110010
69 0 111111111100000001000100
69 1 111111111100100111111010
69 2 111111111010001111111000
69 3 111111111110000101010100
69 4 111111111100001011001011
69 5 000000000011000011101100
69 6 111111111110101110010110
69 7 111111111010001000011111
69 8 000000000000001110010000
69 9 000000000000000011110100
70 0 111111111011111101101100
70 1 111111111100101001000011
70 2 111111111010000101001101
70 3 111111111110000011001111
70 4 111111111100001001011110
70 5 000000000011001000011000
70 6 111111111110101111100001
70 7 111111111010000101000101
70 8 000000000000001110000011
70 9 000000000000000111110010
71 0 111111111011111011101010
71 1 111111111100100001110101
71 2 111111111001111100001100
71 3 111111111110000010011111
71 4 111111111100001010000110
71 5 000000000011001111001010
71 6 111111111110110100001010
71 7 111111111001111111011110
71 8 000000000000010001110010
71 9 000000000000001001000010
72 0 111111111011110011100111
72 1 111111111100100010010111
72 2 111111111001111000111111
72 3 111111111110000101010101
72 4 111111111100001011001011
72 5 000000000011001111010111
72 6 111111111110110101000100
72 7 111111111001111110001001
72 8 000000000000010010011110
72 9 000000000000001010000001
73 0 111111111011101100011100
73 1 111111111100100001001110
73 2 111111111001101111110000
73 3 111111111110000101000000
73 4 111111111100001010101100
73 5 000000000011010111101100
73 6 111111111110110101011110
73 7 111111111001111011100010
73 8 000000000000010001000001
73 9 000000000000001100110000
74 0 111111111011100101001000
74 1 111111111100100000000001
74 2 111111111001100101011100
74 3 111111111110000011111010
74 4 111111111100001100000001
74 5 000000000011011100000111
74 6 111111111110111000011101
74 7 111111111001110110110001
74 8 000000000000010010111010
74 9 000000000000001111110101
75 0 111111111011010100100100
75 1 111111111100100010110011
75 2 111111111001100110001100
75 3 111111111110001000000010
75 4 111111111100001010110001
75 5 000000000011011010111000
75 6 111111111110110010111011
75 7 111111111001110000110000
75 8 000000000000011001001101
75 9 000000000000001101010100
76 0 111111111011000100000010
76 1 111111111100011111010100
76 2 111111111001100001111110
76 3 111111111110001011000011
76 4 111111111100000111001011
76 5 000000000011100010100000
76 6 111111111110110000101001
76 7 111111111001100111110001
76 8 000000000000011011011011
76 9 000000000000001010110011
77 0 111111111010111010110110
77 1 111111111100011101010010
77 2 111111111001011001000000
77 3 111111111110010000001111
77 4 111111111100000001100011
77 5 000000000011101011001100
77 6 111111111110110000011011
77 7 111111111001100000110100
77 8 000000000000011010111110
77 9 000000000000001000000110
78 0 111111111010110100111010
78 1 111111111100010111010010
78 2 111111111001010001001101
78 3 111111111110010100101100
78 4 111111111100000000010101
78 5 000000000011110000001000
78 6 111111111110110010100011
78 7 111111111001010110111001
78 8 000000000000011000101000
78 9 000000000000000011000000
79 0 111111111010110000111000
79 1 111111111100010011100101
79 2 111111111001000110110000
79 3 111111111110010110010010
79 4 111111111011111110111101
79 5 000000000011110101110111
79 6 111111111110110011100100
79 7 111111111001001111111000
79 8 000000000000010111101001
79 9 111111111111111101100011
80 0 111111111010101010010001
80 1 111111111100010101000011
80 2 111111111001000001101001
80 3 111111111110010111100100
80 4 111111111011111110011010
80 5 000000000011110111111010
80 6 111111111110110000101110
80 7 111111111001001101000000
80 8 000000000000011010001110
80 9 111111111111110110111110
81 0 111111111010100110111011
81 1 111111111100001100110110
81 2 111111111000111001000111
81 3 111111111110011100011111
81 4 111111111011111100010111
81 5 000000000011111110001110
81 6 111111111110110000111001
81 7 111111111001000011100110
81 8 000000000000011001111011
81 9 111111111111110100001001
82 0 111111111010011111001110
82 1 111111111100000110100110
82 2 111111111000110010011100
82 3 111111111110011110010101
82 4 111111111011110111100100
82 5 000000000100000110110001
82 6 111111111110101101000100
82 7 111111111000111010110100
82 8 000000000000011110101110
82 9 111111111111101111000110
83 0 111111111010010110001011
83 1 111111111100000000101101
83 2 111111111000101100110000
83 3 111111111110100111001100
83 4 111111111011110011010010
83 5 000000000100001010101101
83 6 111111111110101010110110
83 7 111111111000110100110100
83 8 000000000000011100111000
83 9 111111111111101011110000
84 0 111111111010001111001001
84 1 111111111011111101011100
84 2 111111111000100111010000
84 3 111111111110101000011001
84 4 111111111011110011011100
84 5 000000000100010000000000
84 6 111111111110101011000111
84 7 111111111000101100100011
84 8 000000000000011001110011
84 9 111111111111101011010001
85 0 111111111010000110011000
85 1 111111111011111010100011
85 2 111111111000100010001111
85 3 111111111110101000001001
85 4 111111111011110010001101
85 5 000000000100010110001100
85 6 111111111110100101101000
85 7 111111111000100111000000
85 8 000000000000011001001010
85 9 111111111111101001101110
86 0 111111111001111111111111
86 1 111111111011110010010101
86 2 111111111000011011111110
86 3 111111111110101000111100
86 4 111111111011101101011011
86 5 000000000100011110011101
86 6 111111111110100011000110
86 7 111111111000011101000001
86 8 000000000000011011000001
86 9 111111111111101000011010
87 0 111111111001110111011110
87 1 111111111011101010100101
87 2 111111111000010110001000
87 3 111111111110101010111101
87 4 111111111011100111101111
87 5 000000000100100111111010
87 6 111111111110100001110111
87 7 111111111000010100011111
87 8 000000000000011100001001
87 9 111111111111100110111000
88 0 111111111001101111010100
88 1 111111111011100011100010
88 2 111111111000001101011100
88 3 111111111110101100110011
88 4 111111111011100101101101
88 5 000000000100101110111101
88 6 111111111110100011001010
88 7 111111111000001010100101
88 8 000000000000011110101011
88 9 111111111111100011011001
89 0 111111111001100111110000
89 1 111111111011011001100111
89 2 111111111000001001010111
89 3 111111111110101100110011
89 4 111111111011100111001010
89 5 000000000100101111010001
89 6 111111111110100000010100
89 7 111111111000000101100000
89 8 000000000000100001010011
89 9 111111111111100111101001
90 0 111111111001011101001111
90 1 111111111011010011110000
90 2 111111110111111111110000
90 3 111111111110101111000111
90 4 111111111011100011011110
90 5 000000000100110101000100
90 6 111111111110011100101011
90 7 111111110111111110011101
90 8 000000000000100011011101
90 9 111111111111101001100010
91 0 111111111001010011010000
91 1 111111111011001011100100
91 2 111111110111111011000101
91 3 111111111110110101101011
91 4 111111111011011101000100
91 5 000000000100111010100010
91 6 111111111110011010110000
91 7 111111110111110111010111
91 8 000000000000100101010001
91 9 111111111111100111011000
92 0 111111111001001100100101
92 1 111111111011000011110111
92 2 111111110111110001100011
92 3 111111111110110111110101
92 4 111111111011011000100110
92 5 000000000101000001010011
92 6 111111111110011100000011
92 7 111111110111110001010100
92 8 000000000000100100011110
92 9 111111111111101000010001
93 0 111111111001000000000101
93 1 111111111010111110110000
93 2 111111110111101011011010
93 3 111111111110111010000001
93 4 111111111011010111001100
93 5 000000000101000100110110
93 6 111111111110010110001011
93 7 111111110111110001001011
93 8 000000000000100110001100
93 9 111111111111101010011111
94 0 111111111000110111001110
94 1 111111111010110111010001
94 2 111111110111100100111000
94 3 111111111110111110000101
94 4 111111111011010000011100
94 5 000000000101001010000000
94 6 111111111110010001000001
94 7 111111110111101011100110
94 8 000000000000100111110010
94 9 111111111111101010111001
95 0 111111111000110000001110
95 1 111111111010110000010110
95 2 111111110111100000101000
95 3 111111111111000011010000
95 4 111111111011001101000110
95 5 000000000101001010100110
95 6 111111111110001110000111
95 7 111111110111101000011110
95 8 000000000000101000101101
95 9 111111111111101011001111
96 0 111111111000101000000111
96 1 111111111010101110001111
96 2 111111110111011010010001
96 3 111111111111000001110111
96 4 111111111011001010111010
96 5 000000000101001000010011
96 6 111111111110001001100110
96 7 111111110111100111000101
96 8 000000000000101000111001
96 9 111111111111101011110100
97 0 111111111000101010100101
97 1 111111111010100101010000
97 2 111111110111010110011011
97 3 111111111111000000011000
97 4 111111111011001000010000
97 5 000000000101001110010000
97 6 111111111110001010011001
97 7 111111110111100001010110
97 8 000000000000100110110001
97 9 111111111111101101000110
98 0 111111111000100101001100
98 1 111111111010011110111110
98 2 111111110111010011010011
98 3 111111111111000010111110
98 4 111111111010111111111001
98 5 000000000101001111100110
98 6 111111111110001010001111
98 7 111111110111011111011110
98 8 000000000000101010111110
98 9 111111111111101101111100
99 0 111111111000100001011100
99 1 111111111010011010110111
99 2 111111110111010011100110
99 3 111111111111001000001001
99 4 111111111010111100001000
99 5 000000000101010000001101
99 6 111111111110001010000001
99 7 111111110111011000110011
99 8 000000000000101011100101
99 9 111111111111101010011011
100 0 111111111000100001110101
100 1 111111111010010111000010
100 2 111111110111010010101100
100 3 111111111111001010111010
100 4 111111111010111000000000
100 5 000000000101010011010111
100 6 111111111110001101100001
100 7 111111110111010110110100
100 8 000000000000101011011100
100 9 111111111111100011111110
101 0 111111111000100110111110
101 1 111111111010010011011011
101 2 111111110111010001110000
101 3 111111111111001001110000
101 4 111111111010110000001110
101 5 000000000101010001011000
101 6 111111111110010010010010
101 7 111111110111010100011000
101 8 000000000000101110100010
101 9 111111111111011110101111
