0 0 000000000000000000000000
0 1 000000000000000000000000
0 2 000000000000000000000000
0 3 000000000000000000000000
0 4 000000000000000000000000
0 5 000000000000000000000000
0 6 000000000000000000000000
0 7 000000000000000000000000
0 8 000000000000000000000000
0 9 000000000000000000000000
1 0 000000000000000000000000
1 1 000000000000000000000000
1 2 000000000000000000000000
1 3 000000000000000000000000
1 4 000000000000000000000000
1 5 000000000000000000000000
1 6 000000000000000000000000
1 7 000000000000000000000000
1 8 000000000000000000000000
1 9 000000000000000000000000
2 0 111111111111110010110001
2 1 000000000000000001001011
2 2 111111111111111000101111
2 3 111111111111111011111010
2 4 000000000000000001111111
2 5 111111111111111001010010
2 6 111111111111110001011010
2 7 000000000000000011011001
2 8 111111111111110111110101
2 9 111111111111111000011011
3 0 111111111111101011001001
3 1 111111111111111101001111
3 2 111111111111111101011011
3 3 111111111111110100101100
3 4 111111111111111101111110
3 5 111111111111101110110010
3 6 111111111111100010111010
3 7 000000000000000110101000
3 8 111111111111110000011100
3 9 111111111111111110001001
4 0 111111111111100001010100
4 1 111111111111111010101011
4 2 000000000000000000000101
4 3 111111111111110010011000
4 4 111111111111110001110110
4 5 111111111111101000010111
4 6 111111111111011100111010
4 7 000000000000000010110001
4 8 111111111111110010011000
4 9 111111111111110111011101
5 0 111111111111010100000011
5 1 111111111111110100000111
5 2 111111111111111101100001
5 3 111111111111101011111110
5 4 111111111111101101000011
5 5 111111111111100011101011
5 6 111111111111010110101000
5 7 111111111111111101110001
5 8 111111111111110101010000
5 9 111111111111111000010110
6 0 111111111111001011111111
6 1 111111111111101110111111
6 2 111111111111111001101000
6 3 111111111111100111001100
6 4 111111111111100010011111
6 5 111111111111011111101111
6 6 111111111111010100001100
6 7 111111111111111110000110
6 8 111111111111110010111011
6 9 111111111111110110001101
7 0 111111111111001000010001
7 1 111111111111101011000110
7 2 111111111111110111110111
7 3 111111111111100010100001
7 4 111111111111011101011101
7 5 111111111111011010101100
7 6 111111111111001101000110
7 7 111111111111111101110000
7 8 111111111111110100001000
7 9 111111111111110110010110
8 0 111111111111000010111101
8 1 111111111111100111100110
8 2 111111111111110101101100
8 3 111111111111011000110111
8 4 111111111111011001001010
8 5 111111111111010101110011
8 6 111111111111000111000001
8 7 000000000000000000111001
8 8 111111111111101111110100
8 9 111111111111110110011110
9 0 111111111110111111101111
9 1 111111111111011110000101
9 2 111111111111110110101001
9 3 111111111111010000001101
9 4 111111111111010101110111
9 5 111111111111001110010100
9 6 111111111111000000011000
9 7 000000000000000000011110
9 8 111111111111101110111111
9 9 111111111111111000100100
10 0 111111111110111001011010
10 1 111111111111011010111001
10 2 111111111111110101000011
10 3 111111111111001000100101
10 4 111111111111001111011010
10 5 111111111111000110111000
10 6 111111111110111000001010
10 7 000000000000000010101000
10 8 111111111111101010111111
10 9 111111111111111010100110
11 0 111111111110110101011010
11 1 111111111111010110111001
11 2 111111111111110010110010
11 3 111111111111000000001100
11 4 111111111111001010000000
11 5 111111111110111011101001
11 6 111111111110110000000011
11 7 000000000000000101001111
11 8 111111111111101001100000
11 9 111111111111111101101000
12 0 111111111110110001111111
12 1 111111111111010001000000
12 2 111111111111101101011110
12 3 111111111110111010001111
12 4 111111111111000111010110
12 5 111111111110101110110110
12 6 111111111110101000000010
12 7 000000000000001001111011
12 8 111111111111101001011000
12 9 000000000000000000000001
13 0 111111111110101100010010
13 1 111111111111001101011100
13 2 111111111111101011110110
13 3 111111111110110000111100
13 4 111111111111000010010001
13 5 111111111110100100000011
13 6 111111111110100001011000
13 7 000000000000001011111100
13 8 111111111111100111110000
13 9 000000000000000000101100
14 0 111111111110100010010111
14 1 111111111111001000001010
14 2 111111111111100110010001
14 3 111111111110101110010000
14 4 111111111110111101101111
14 5 111111111110100000010110
14 6 111111111110011011101000
14 7 000000000000001011110100
14 8 111111111111100101111111
14 9 000000000000000101100110
15 0 111111111110011110101001
15 1 111111111111000101110001
15 2 111111111111100001001001
15 3 111111111110101101011100
15 4 111111111110110111111100
15 5 111111111110011101011110
15 6 111111111110010001000001
15 7 000000000000010011101001
15 8 111111111111011101110111
15 9 000000000000000101110001
16 0 111111111110011011100001
16 1 111111111111000011111001
16 2 111111111111011011110001
16 3 111111111110101110011011
16 4 111111111110110001010001
16 5 111111111110011001100011
16 6 111111111110000101011101
16 7 000000000000011100011000
16 8 111111111111010111100010
16 9 000000000000000101001011
17 0 111111111110011011100000
17 1 111111111111000011110000
17 2 111111111111011000100000
17 3 111111111110101001001010
17 4 111111111110101000011011
17 5 111111111110010100000111
17 6 111111111101111010110100
17 7 000000000000100110111000
17 8 111111111111010000000001
17 9 000000000000000001101000
18 0 111111111110011011100100
18 1 111111111111000010111111
18 2 111111111111010010101101
18 3 111111111110100011010010
18 4 111111111110100101110100
18 5 111111111110001110011001
18 6 111111111101110010001101
18 7 000000000000101110110101
18 8 111111111111001010110000
18 9 000000000000000010011101
19 0 111111111110011011110101
19 1 111111111110111111101101
19 2 111111111111001110110011
19 3 111111111110011010011110
19 4 111111111110100010000010
19 5 111111111110001001000000
19 6 111111111101101001111101
19 7 000000000000111000110001
19 8 111111111111000101011110
19 9 000000000000000001001111
20 0 111111111110011000100010
20 1 111111111110111111001101
20 2 111111111111000111110010
20 3 111111111110010101011100
20 4 111111111110100001111101
20 5 111111111110000011001111
20 6 111111111101011111000001
20 7 000000000001000100000110
20 8 111111111110111111100010
20 9 000000000000000001001001
21 0 111111111110010010111101
21 1 111111111110111011100001
21 2 111111111111000001111011
21 3 111111111110010010110001
21 4 111111111110100000111011
21 5 111111111101111111011011
21 6 111111111101010110011010
21 7 000000000001001111000111
21 8 111111111110111011000110
21 9 111111111111111100100010
22 0 111111111110001101010110
22 1 111111111110111001100100
22 2 111111111110111100001011
22 3 111111111110010001100010
22 4 111111111110100100100110
22 5 111111111101111100001001
22 6 111111111101001011101111
22 7 000000000001011001000011
22 8 111111111110110101100010
22 9 111111111111111010111100
23 0 111111111110001001000010
23 1 111111111110110110110100
23 2 111111111110111000001101
23 3 111111111110001111111000
23 4 111111111110100011110110
23 5 111111111101110110011001
23 6 111111111101000001101011
23 7 000000000001100110011100
23 8 111111111110101111010110
23 9 111111111111110110101010
24 0 111111111101111110110001
24 1 111111111110110111000100
24 2 111111111110101110011111
24 3 111111111110001010111011
24 4 111111111110100111000101
24 5 111111111101101111001100
24 6 111111111100111010010010
24 7 000000000001101110101100
24 8 111111111110101101000011
24 9 111111111111110111111111
25 0 111111111101110101011110
25 1 111111111110110110010010
25 2 111111111110100101111110
25 3 111111111110000101101001
25 4 111111111110101110101000
25 5 111111111101100111111010
25 6 111111111100110100111001
25 7 000000000001110101101010
25 8 111111111110101010000011
25 9 111111111111110101101011
26 0 111111111101101010110011
26 1 111111111110111001100100
26 2 111111111110011100110110
26 3 111111111110000011111001
26 4 111111111110101111101010
26 5 111111111101100011001000
26 6 111111111100101001011000
26 7 000000000001111111011011
26 8 111111111110100010010110
26 9 111111111111110111100101
27 0 111111111101011100001100
27 1 111111111110111100100101
27 2 111111111110010101111111
27 3 111111111110000011111000
27 4 111111111110110011111000
27 5 111111111101011011100101
27 6 111111111100011100101000
27 7 000000000010000100101101
27 8 111111111110011110110001
27 9 111111111111111100010010
28 0 111111111101010000011111
28 1 111111111110111100001100
28 2 111111111110010011010110
28 3 111111111110000110111111
28 4 111111111110110101110010
28 5 111111111101011000000011
28 6 111111111100011000001000
28 7 000000000010001010011011
28 8 111111111110011010011101
28 9 111111111111111011010111
29 0 111111111101001011100010
29 1 111111111110111010101010
29 2 111111111110001111101101
29 3 111111111110000010001111
29 4 111111111110110110011111
29 5 111111111101010110001111
29 6 111111111100011010000100
29 7 000000000010001100011001
29 8 111111111110011110011101
29 9 111111111111111001101001
30 0 111111111101000100010101
30 1 111111111110111100110011
30 2 111111111110001001011001
30 3 111111111101111110101100
30 4 111111111110111000001110
30 5 111111111101001101111110
30 6 111111111100010111100100
30 7 000000000010010001011111
30 8 111111111110100000101111
30 9 111111111111110110000001
31 0 111111111100111111001010
31 1 111111111110111111001101
31 2 111111111110000110000011
31 3 111111111110000010000011
31 4 111111111110110111110001
31 5 111111111101001111011101
31 6 111111111100010110000101
31 7 000000000010010110001001
31 8 111111111110011010011111
31 9 111111111111110011011001
32 0 111111111100110110001110
32 1 111111111110111101101110
32 2 111111111101111111000011
32 3 111111111110000001101000
32 4 111111111110111001100100
32 5 111111111101001100011110
32 6 111111111100010011110111
32 7 000000000010011001000110
32 8 111111111110011101101011
32 9 111111111111110001000001
33 0 111111111100101110110110
33 1 111111111111000010010000
33 2 111111111101110100010001
33 3 111111111101111110101101
33 4 111111111110111011101100
33 5 111111111101001101010000
33 6 111111111100001001101110
33 7 000000000010011111101011
33 8 111111111110010101111100
33 9 111111111111110000110100
34 0 111111111100100101000010
34 1 111111111111000100110101
34 2 111111111101101100100011
34 3 111111111110000000010111
34 4 111111111110110111100010
34 5 111111111101001101010010
34 6 111111111011111110111111
34 7 000000000010100110100001
34 8 111111111110001110001001
34 9 111111111111110010000111
35 0 111111111100011010010101
35 1 111111111111001001001010
35 2 111111111101100110000101
35 3 111111111101111100101011
35 4 111111111110111011100010
35 5 111111111101000111101001
35 6 111111111011110010011110
35 7 000000000010101100011101
35 8 111111111110001000111010
35 9 111111111111110000100000
36 0 111111111100010000011111
36 1 111111111111001011011100
36 2 111111111101100011111111
36 3 111111111101110110000000
36 4 111111111110111101110001
36 5 111111111101000010101010
36 6 111111111011101110000011
36 7 000000000010110010111010
36 8 111111111110000001101001
36 9 111111111111101010011011
37 0 111111111100000101010010
37 1 111111111111001111100110
37 2 111111111101011100100001
37 3 111111111101101111000111
37 4 111111111110111110001100
37 5 111111111100111011001010
37 6 111111111011100101111110
37 7 000000000010110110110100
37 8 111111111110000000110100
37 9 111111111111101100101100
38 0 111111111011111011101100
38 1 111111111111010000100101
38 2 111111111101010101001001
38 3 111111111101101010001100
38 4 111111111110111111001011
38 5 111111111100110010000010
38 6 111111111011011100101011
38 7 000000000010111100010100
38 8 111111111101111010100110
38 9 111111111111101110010011
39 0 111111111011110001001100
39 1 111111111111001111101110
39 2 111111111101010001110100
39 3 111111111101101110100010
39 4 111111111110111111011100
39 5 111111111100101110111010
39 6 111111111011011000111011
39 7 000000000010111101011111
39 8 111111111101110100010000
39 9 111111111111101011001111
40 0 111111111011100100011110
40 1 111111111111010010010101
40 2 111111111101001001011110
40 3 111111111101101010001000
40 4 111111111110111110100010
40 5 111111111100101010011001
40 6 111111111011010000110010
40 7 000000000011000001111100
40 8 111111111101101101101111
40 9 111111111111101101111100
41 0 111111111011011100110001
41 1 111111111111010001001011
41 2 111111111100111110011110
41 3 111111111101100111001101
41 4 111111111111000000111010
41 5 111111111100100111001111
41 6 111111111011001000100110
41 7 000000000011000100100010
41 8 111111111101100101100000
41 9 111111111111110100011110
42 0 111111111011010100010011
42 1 111111111111010010100000
42 2 111111111100110011100001
42 3 111111111101100101101111
42 4 111111111110111101011000
42 5 111111111100100011000101
42 6 111111111011000011000110
42 7 000000000011000101100011
42 8 111111111101100011011110
42 9 111111111111110101111100
43 0 111111111011001011000001
43 1 111111111111010001011011
43 2 111111111100100101011110
43 3 111111111101100101001001
43 4 111111111110111011110000
43 5 111111111100100001100011
43 6 111111111010111100111001
43 7 000000000011000101001110
43 8 111111111101100010001100
43 9 111111111111111000001110
44 0 111111111011000011101010
44 1 111111111111001100101110
44 2 111111111100010100111001
44 3 111111111101100101100111
44 4 111111111110111000000010
44 5 111111111100100100100000
44 6 111111111010111110001101
44 7 000000000011000001111111
44 8 111111111101100101110100
44 9 111111111111110111100001
45 0 111111111010111101101001
45 1 111111111111001001000101
45 2 111111111100000111001011
45 3 111111111101011111011100
45 4 111111111110110100000001
45 5 111111111100100000101110
45 6 111111111010111010101101
45 7 000000000011000010010010
45 8 111111111101100011111000
45 9 111111111111110111100011
46 0 111111111010110110000011
46 1 111111111111001010101001
46 2 111111111011111010101010
46 3 111111111101011000101011
46 4 111111111110110011000001
46 5 111111111100011011000000
46 6 111111111010110111101010
46 7 000000000011000001100101
46 8 111111111101011101010001
46 9 111111111111110100000101
47 0 111111111010110011001110
47 1 111111111111001001000010
47 2 111111111011101100110010
47 3 111111111101010001111011
47 4 111111111110110001101000
47 5 111111111100010111011100
47 6 111111111010110101000011
47 7 000000000011000100111110
47 8 111111111101010011111100
47 9 111111111111101101101101
48 0 111111111010101001011110
48 1 111111111111001000110011
48 2 111111111011011111001110
48 3 111111111101010000101101
48 4 111111111110101111010100
48 5 111111111100010110001000
48 6 111111111010101100100101
48 7 000000000011000101000011
48 8 111111111101010001001010
48 9 111111111111101100000011
49 0 111111111010100110010010
49 1 111111111111001000000101
49 2 111111111011010001011101
49 3 111111111101001010000111
49 4 111111111110101110000111
49 5 111111111100010001000101
49 6 111111111010101000101011
49 7 000000000011001011011000
49 8 111111111101001001101110
49 9 111111111111101100011011
50 0 111111111010011101001011
50 1 111111111111001010001101
50 2 111111111011000100100101
50 3 111111111101000110010100
50 4 111111111110101110101001
50 5 111111111100001111101000
50 6 111111111010011011101101
50 7 000000000011010010010101
50 8 111111111101000001100011
50 9 111111111111101101010110
51 0 111111111010011100110010
51 1 111111111111001010010010
51 2 111111111010111111100011
51 3 111111111101000001010111
51 4 111111111110101000001000
51 5 111111111100001001100111
51 6 111111111010010001111111
51 7 000000000011011011011011
51 8 111111111101000000101000
51 9 111111111111101010010101
52 0 111111111010010111111001
52 1 111111111111001101000000
52 2 111111111010111100011001
52 3 111111111101000001011111
52 4 111111111110011111110011
52 5 111111111100000110011110
52 6 111111111010001000111001
52 7 000000000011100001011101
52 8 111111111100111101010100
52 9 111111111111101000111000
53 0 111111111010010111010000
53 1 111111111111001110101010
53 2 111111111010111010011111
53 3 111111111100111110101001
53 4 111111111110010100101101
53 5 111111111100000011101111
53 6 111111111010000011010001
53 7 000000000011101010011000
53 8 111111111100111000011001
53 9 111111111111100011110001
54 0 111111111010010100010100
54 1 111111111111001111100110
54 2 111111111010111000101010
54 3 111111111100111100011100
54 4 111111111110001101001100
54 5 111111111100000000001100
54 6 111111111001111001100011
54 7 000000000011110010111011
54 8 111111111100111001011111
54 9 111111111111011111101101
55 0 111111111010010000100011
55 1 111111111111001110001111
55 2 111111111010111000001010
55 3 111111111100111100110111
55 4 111111111110000101010110
55 5 111111111011111010100011
55 6 111111111001101110000001
55 7 000000000011111100010001
55 8 111111111100110100010011
55 9 111111111111011101010011
56 0 111111111010001110011001
56 1 111111111111001110111111
56 2 111111111010111001100110
56 3 111111111100111100001010
56 4 111111111101111100001111
56 5 111111111011110101100010
56 6 111111111001100011011101
56 7 000000000100000011001111
56 8 111111111100101111001010
56 9 111111111111011010000110
57 0 111111111010001001000111
57 1 111111111111001110100001
57 2 111111111010111010000000
57 3 111111111100111010110010
57 4 111111111101110100110100
57 5 111111111011110010001110
57 6 111111111001010111000111
57 7 000000000100001010010110
57 8 111111111100101110010001
57 9 111111111111010111100110
58 0 111111111010000101000011
58 1 111111111111001110111001
58 2 111111111010111000000111
58 3 111111111100111000011110
58 4 111111111101101100100110
58 5 111111111011110000001110
58 6 111111111001001111011100
58 7 000000000100010001110010
58 8 111111111100101000011000
58 9 111111111111010101000100
59 0 111111111010000011011000
59 1 111111111111001100000110
59 2 111111111010111001110000
59 3 111111111100110101110101
59 4 111111111101100111101100
59 5 111111111011101001011101
59 6 111111111001000010011110
59 7 000000000100011000010001
59 8 111111111100100010011100
59 9 111111111111010011100000
60 0 111111111010000011010111
60 1 111111111111001000111111
60 2 111111111010111010000100
60 3 111111111100110110010001
60 4 111111111101100001010010
60 5 111111111011100000110101
60 6 111111111000111010001011
60 7 000000000100011101100000
60 8 111111111100011100100011
60 9 111111111111010011011010
61 0 111111111010000001010110
61 1 111111111111000111010000
61 2 111111111010110111011100
61 3 111111111100110110101011
61 4 111111111101011011100011
61 5 111111111011011001011011
61 6 111111111000101010111010
61 7 000000000100100111110011
61 8 111111111100010101001111
61 9 111111111111010010000001
62 0 111111111001111100010101
62 1 111111111111000001010111
62 2 111111111010110100101111
62 3 111111111100110110111110
62 4 111111111101011011011010
62 5 111111111011001111100000
62 6 111111111000100001000111
62 7 000000000100101111000101
62 8 111111111100010000010100
62 9 111111111111010011011110
63 0 111111111001111010100101
63 1 111111111110111101000110
63 2 111111111010111000110101
63 3 111111111100111011011111
63 4 111111111101010011000010
63 5 111111111011001110001100
63 6 111111111000100000000010
63 7 000000000100110011110100
63 8 111111111100001000110100
63 9 111111111111001101000100
64 0 111111111001110100011000
64 1 111111111110110111011010
64 2 111111111010111010011100
64 3 111111111101000000010011
64 4 111111111101001111011101
64 5 111111111011001001011010
64 6 111111111000011001110011
64 7 000000000100110110100011
64 8 111111111100000001111000
64 9 111111111111001110010010
65 0 111111111001110001110100
65 1 111111111110110001110110
65 2 111111111010111100001110
65 3 111111111101000101111110
65 4 111111111101001100110011
65 5 111111111011000110010011
65 6 111111111000010111101101
65 7 000000000100110100011101
65 8 111111111011111111101010
65 9 111111111111010010000000
66 0 111111111001110011011110
66 1 111111111110101111110111
66 2 111111111011000000100111
66 3 111111111101001001011111
66 4 111111111101001101011001
66 5 111111111011000011110000
66 6 111111111000001111101011
66 7 000000000100110110000111
66 8 111111111011110111000011
66 9 111111111111010010100010
67 0 111111111001110010101110
67 1 111111111110101101101111
67 2 111111111011001000010100
67 3 111111111101001100000101
67 4 111111111101001010010100
67 5 111111111010111100000001
67 6 111111111000000110111000
67 7 000000000100111010001001
67 8 111111111011110001101000
67 9 111111111111010001101011
68 0 111111111001101101100010
68 1 111111111110101100011011
68 2 111111111011001010011100
68 3 111111111101001101001011
68 4 111111111101001101110110
68 5 111111111010110011110000
68 6 111111111000000001011001
68 7 000000000100111110100110
68 8 111111111011101010011101
68 9 111111111111010100111010
69 0 111111111001101100001011
69 1 111111111110100110101010
69 2 111111111011001110000100
69 3 111111111101001100010111
69 4 111111111101001110110101
69 5 111111111010110011001100
69 6 111111110111111100110111
69 7 000000000101000010011100
69 8 111111111011100010011100
69 9 111111111111010101000101
70 0 111111111001110001011111
70 1 111111111110011110111101
70 2 111111111011001111100001
70 3 111111111101001011001011
70 4 111111111101001100001010
70 5 111111111010110110101010
70 6 111111111000000000111001
70 7 000000000101000101011001
70 8 111111111011011110000110
70 9 111111111111010000111110
71 0 111111111001110001011111
71 1 111111111110011110111101
71 2 111111111011001111100001
71 3 111111111101001011001011
71 4 111111111101001100001010
71 5 111111111010110110101010
71 6 111111111000000000111001
71 7 000000000101000101011001
71 8 111111111011011110000110
71 9 111111111111010000111110
72 0 111111111001110011000001
72 1 111111111110010111011100
72 2 111111111011010011000011
72 3 111111111101001010111111
72 4 111111111101001001111001
72 5 111111111010110010010000
72 6 111111110111111110101010
72 7 000000000101001100101111
72 8 111111111011011000010011
72 9 111111111111001101110011
73 0 111111111001110100010010
73 1 111111111110011000010110
73 2 111111111011010010101110
73 3 111111111101001101100100
73 4 111111111101001001001001
73 5 111111111010110001111110
73 6 111111110111111101000001
73 7 000000000101001100111111
73 8 111111111011010111010111
73 9 111111111111001110100001
74 0 111111111001110101010001
74 1 111111111110011000010110
74 2 111111111011001111111001
74 3 111111111101001110001100
74 4 111111111101001100011101
74 5 111111111010110000111011
74 6 111111110111111011101100
74 7 000000000101001101011111
74 8 111111111011001110111111
74 9 111111111111010010110001
75 0 111111111001101110101110
75 1 111111111110010101000001
75 2 111111111011010011010110
75 3 111111111101001101110011
75 4 111111111101000110111111
75 5 111111111010101111111100
75 6 111111110111110100010001
75 7 000000000101010101111010
75 8 111111111011001001000001
75 9 111111111111001110101111
76 0 111111111001100111111011
76 1 111111111110010010100001
76 2 111111111011010110010110
76 3 111111111101010000110111
76 4 111111111100111100101000
76 5 111111111010101111001110
76 6 111111110111101110011101
76 7 000000000101011101001010
76 8 111111111011000111011111
76 9 111111111111000111001111
77 0 111111111001100100100101
77 1 111111111110010000101111
77 2 111111111011011010000001
77 3 111111111101010000010011
77 4 111111111100111001100110
77 5 111111111010110000001101
77 6 111111110111100100101101
77 7 000000000101100001110101
77 8 111111111011000001111001
77 9 111111111111000010111000
78 0 111111111001011111111001
78 1 111111111110001000000011
78 2 111111111011010111100111
78 3 111111111101010101101011
78 4 111111111100110011011101
78 5 111111111010110101110010
78 6 111111110111011011111000
78 7 000000000101100111110001
78 8 111111111010110111101101
78 9 111111111111000100000110
79 0 111111111001011010000011
79 1 111111111110000001111110
79 2 111111111011010100011110
79 3 111111111101010111000000
79 4 111111111100110001110011
79 5 111111111010111000110010
79 6 111111110111010101000001
79 7 000000000101101110000111
79 8 111111111010101101110100
79 9 111111111111001000000111
80 0 111111111001010111101110
80 1 111111111101111100100100
80 2 111111111011010001001110
80 3 111111111101010100111100
80 4 111111111100101110100010
80 5 111111111010110110111110
80 6 111111110111000111111100
80 7 000000000101110110101010
80 8 111111111010101000111011
80 9 111111111111001001110001
81 0 111111111001010100011011
81 1 111111111101111010001110
81 2 111111111011001110000010
81 3 111111111101010111100100
81 4 111111111100100101011010
81 5 111111111010110011010100
81 6 111111110110111111100001
81 7 000000000101111010110110
81 8 111111111010101100000100
81 9 111111111111001010001110
82 0 111111111001010101000110
82 1 111111111101111000001110
82 2 111111111011001101111000
82 3 111111111101010100111101
82 4 111111111100011111101011
82 5 111111111010101011111010
82 6 111111110110110100101011
82 7 000000000110000001100101
82 8 111111111010100110110010
82 9 111111111111001010000111
83 0 111111111001010001101011
83 1 111111111101111000111011
83 2 111111111011010000100001
83 3 111111111101011001000100
83 4 111111111100011000101000
83 5 111111111010100011001111
83 6 111111110110101000001111
83 7 000000000110001001001100
83 8 111111111010100001110010
83 9 111111111111000111111011
84 0 111111111001001011011011
84 1 111111111101111010111101
84 2 111111111011010011000111
84 3 111111111101011111000010
84 4 111111111100010010011010
84 5 111111111010011011101111
84 6 111111110110011011010010
84 7 000000000110001101100010
84 8 111111111010100010011010
84 9 111111111111000110001111
85 0 111111111001001010000010
85 1 111111111101111001010001
85 2 111111111011010100011101
85 3 111111111101100010001101
85 4 111111111100001001101111
85 5 111111111010010011100111
85 6 111111110110010010011001
85 7 000000000110010101010110
85 8 111111111010011110101011
85 9 111111111111000010001010
86 0 111111111001000101000110
86 1 111111111101110111101111
86 2 111111111011010110000111
86 3 111111111101101000010111
86 4 111111111100000011100001
86 5 111111111010001101111101
86 6 111111110110000101110110
86 7 000000000110011010011111
86 8 111111111010011100111100
86 9 111111111111000000110110
87 0 111111111001000000101101
87 1 111111111101111001001101
87 2 111111111011010110011100
87 3 111111111101101010100010
87 4 111111111011111100010100
87 5 111111111010000110000000
87 6 111111110101111000001110
87 7 000000000110100010100101
87 8 111111111010011101100111
87 9 111111111110111100101101
88 0 111111111000111101110110
88 1 111111111101110111110101
88 2 111111111011011011000011
88 3 111111111101101111011111
88 4 111111111011110011110111
88 5 111111111001111110000001
88 6 111111110101101011111110
88 7 000000000110100110111001
88 8 111111111010011100011000
88 9 111111111110111000111001
89 0 111111111000111011100010
89 1 111111111101110101111111
89 2 111111111011011110110001
89 3 111111111101101111100001
89 4 111111111011101100111101
89 5 111111111001110110000001
89 6 111111110101011111010011
89 7 000000000110101110010001
89 8 111111111010010111111001
89 9 111111111110110110010101
90 0 111111111000110010111010
90 1 111111111101110010111111
90 2 111111111011100001010011
90 3 111111111101110010011010
90 4 111111111011100111001101
90 5 111111111001101010101000
90 6 111111110101010010101000
90 7 000000000110110110010000
90 8 111111111010011000000101
90 9 111111111110110100001011
91 0 111111111000101101000011
91 1 111111111101110001111101
91 2 111111111011100011110101
91 3 111111111101111011101000
91 4 111111111011011111000100
91 5 111111111001100110000110
91 6 111111110101000011111101
91 7 000000000110111000011001
91 8 111111111010011000100100
91 9 111111111110110011011110
92 0 111111111000101010101000
92 1 111111111101101110100010
92 2 111111111011100110010000
92 3 111111111101111100010101
92 4 111111111011010101100010
92 5 111111111001100010001101
92 6 111111110100111010000111
92 7 000000000110111101000100
92 8 111111111010010110111010
92 9 111111111110110001010110
93 0 111111111000100111110101
93 1 111111111101101101101111
93 2 111111111011100101000001
93 3 111111111110000000001100
93 4 111111111011001111100111
93 5 111111111001100100000111
93 6 111111110100110001000001
93 7 000000000110111101111011
93 8 111111111010010101011001
93 9 111111111110101110011001
94 0 111111111000101000100100
94 1 111111111101101011110001
94 2 111111111011101100001000
94 3 111111111101111111110100
94 4 111111111011001000100010
94 5 111111111001011101111100
94 6 111111110100101010100000
94 7 000000000111000010100000
94 8 111111111010010001101000
94 9 111111111110101000110111
95 0 111111111000101001111000
95 1 111111111101100111001110
95 2 111111111011110001111101
95 3 111111111110000010101100
95 4 111111111010111101001111
95 5 111111111001011010110010
95 6 111111110100100011100010
95 7 000000000111000100001001
95 8 111111111010010001110100
95 9 111111111110100100100000
96 0 111111111000101110010001
96 1 111111111101100001101100
96 2 111111111011110111111100
96 3 111111111110000010010101
96 4 111111111010110010110000
96 5 111111111001010111100001
96 6 111111110100011110000001
96 7 000000000111000111110111
96 8 111111111010010000101010
96 9 111111111110100000101110
97 0 111111111000101101001100
97 1 111111111101100001000001
97 2 111111111100000000000111
97 3 111111111110000100100011
97 4 111111111010101000001011
97 5 111111111001010011111001
97 6 111111110100010111010010
97 7 000000000111001011001010
97 8 111111111010001111111010
97 9 111111111110011011011001
98 0 111111111000100110101111
98 1 111111111101100000001101
98 2 111111111011111111101001
98 3 111111111110001100001101
98 4 111111111010100101001111
98 5 111111111001010010000011
98 6 111111110100001111011101
98 7 000000000111001001100101
98 8 111111111010010000101111
98 9 111111111110011100111000
99 0 111111111000011101010110
99 1 111111111101100000000000
99 2 111111111011111111010101
99 3 111111111110010101111001
99 4 111111111010011111001111
99 5 111111111001010100011011
99 6 111111110100001010001011
99 7 000000000111001010010001
99 8 111111111010010001000011
99 9 111111111110010110101000
100 0 111111111000011000000000
100 1 111111111101100000111011
100 2 111111111011111111011010
100 3 111111111110010111000101
100 4 111111111010011010111011
100 5 111111111001010011100101
100 6 111111110100000010010100
100 7 000000000111000001100011
100 8 111111111010010111001000
100 9 111111111110011010110001
101 0 111111111000010100101101
101 1 111111111101011000101010
101 2 111111111011111111101111
101 3 111111111110011111001010
101 4 111111111010010000111010
101 5 111111111001010011100010
101 6 111111110011111101110011
101 7 000000000110111110010111
101 8 111111111010011011111110
101 9 111111111110010101010001
