0 0 000000000000000000000000
0 1 000000000000000000000000
0 2 000000000000000000000000
0 3 000000000000000000000000
0 4 000000000000000000000000
0 5 000000000000000000000000
0 6 000000000000000000000000
0 7 000000000000000000000000
0 8 000000000000000000000000
0 9 000000000000000000000000
1 0 000000000000000000000000
1 1 000000000000000000000000
1 2 000000000000000000000000
1 3 000000000000000000000000
1 4 000000000000000000000000
1 5 000000000000000000000000
1 6 000000000000000000000000
1 7 000000000000000000000000
1 8 000000000000000000000000
1 9 000000000000000000000000
2 0 111111111111111100011001
2 1 111111111111111111110001
2 2 111111111111111111101101
2 3 000000000000000001000001
2 4 000000000000000000110001
2 5 000000000000000001110100
2 6 000000000000000001101101
2 7 111111111111111111110000
2 8 111111111111111100100011
2 9 111111111111111010010011
3 0 111111111111110101111110
3 1 111111111111111001000011
3 2 000000000000000000011110
3 3 000000000000000101001100
3 4 111111111111110111011111
3 5 000000000000000000011111
3 6 111111111111111110111100
3 7 111111111111111011010011
3 8 111111111111110001110111
3 9 111111111111110000001010
4 0 111111111111110001010100
4 1 111111111111110011000101
4 2 111111111111111110100011
4 3 000000000000000011111101
4 4 111111111111110001011100
4 5 111111111111111101100010
4 6 111111111111111001101000
4 7 111111111111110011001011
4 8 111111111111100111011011
4 9 111111111111101000010101
5 0 111111111111101110100001
5 1 111111111111101011011010
5 2 000000000000000000010011
5 3 000000000000000100101101
5 4 111111111111101011011011
5 5 111111111111110100011111
5 6 111111111111110011110100
5 7 111111111111110000000101
5 8 111111111111011011110010
5 9 111111111111011100011110
6 0 111111111111101000010110
6 1 111111111111100100000011
6 2 000000000000000010110111
6 3 000000000000000111010100
6 4 111111111111101001001010
6 5 111111111111101101111010
6 6 111111111111101111011111
6 7 111111111111100111110110
6 8 111111111111010100001111
6 9 111111111111010010001110
7 0 111111111111100100001100
7 1 111111111111011110101001
7 2 000000000000000101010111
7 3 000000000000001100011010
7 4 111111111111100011001010
7 5 111111111111100101111101
7 6 111111111111101110011101
7 7 111111111111100000011100
7 8 111111111111010000000000
7 9 111111111111000111101010
8 0 111111111111100000000011
8 1 111111111111010111111100
8 2 000000000000001101011010
8 3 000000000000001011101000
8 4 111111111111011100111110
8 5 111111111111011111000001
8 6 111111111111110001010101
8 7 111111111111010101011001
8 8 111111111111001100100001
8 9 111111111110111001101010
9 0 111111111111011011001010
9 1 111111111111010010000111
9 2 000000000000010001111001
9 3 000000000000001001101000
9 4 111111111111011000110111
9 5 111111111111010101101110
9 6 111111111111110010100110
9 7 111111111111001111011111
9 8 111111111111000100001110
9 9 111111111110101101100100
10 0 111111111111010100000100
10 1 111111111111001100011001
10 2 000000000000010100110001
10 3 000000000000001101010110
10 4 111111111111010101100011
10 5 111111111111001011111110
10 6 111111111111100111011011
10 7 111111111111001101010000
10 8 111111111110111111110100
10 9 111111111110100010111101
11 0 111111111111001110111101
11 1 111111111111000110000100
11 2 000000000000011100010011
11 3 000000000000001011001101
11 4 111111111111010011001000
11 5 111111111111000100010111
11 6 111111111111100001111100
11 7 111111111111001000000011
11 8 111111111110111010101000
11 9 111111111110010111010011
12 0 111111111111000011011110
12 1 111111111111000011101110
12 2 000000000000100011010010
12 3 000000000000001010110011
12 4 111111111111010001010111
12 5 111111111110111101011101
12 6 111111111111010110100111
12 7 111111111111000111001010
12 8 111111111110110101000101
12 9 111111111110001101110000
13 0 111111111110111100111011
13 1 111111111111000001001001
13 2 000000000000100110011111
13 3 000000000000001110000011
13 4 111111111111000101111101
13 5 111111111110111010001011
13 6 111111111111001111100000
13 7 111111111111000011011111
13 8 111111111110110110110110
13 9 111111111110000011110111
14 0 111111111110111000000000
14 1 111111111111000000100110
14 2 000000000000101010101101
14 3 000000000000001110000001
14 4 111111111110111100000001
14 5 111111111110110101101101
14 6 111111111111001000000011
14 7 111111111111000001001100
14 8 111111111110110101101110
14 9 111111111101111011010000
15 0 111111111110101010011011
15 1 111111111110111101001001
15 2 000000000000110000110011
15 3 000000000000001101001011
15 4 111111111110110100100110
15 5 111111111110110011000111
15 6 111111111110111011100000
15 7 111111111111000000111110
15 8 111111111110110100010001
15 9 111111111101110101101110
16 0 111111111110100001000011
16 1 111111111110111000010110
16 2 000000000000110110111000
16 3 000000000000001010010000
16 4 111111111110101100110000
16 5 111111111110101111111100
16 6 111111111110110011010001
16 7 111111111110111100011101
16 8 111111111110111001001000
16 9 111111111101110001010010
17 0 111111111110011110001110
17 1 111111111110110011101110
17 2 000000000000111101111111
17 3 000000000000000011111010
17 4 111111111110100101110111
17 5 111111111110101100001001
17 6 111111111110101011010101
17 7 111111111110110111111111
17 8 111111111110111101100111
17 9 111111111101101100101011
18 0 111111111110011001001010
18 1 111111111110101111011010
18 2 000000000001000110001010
18 3 111111111111111100001011
18 4 111111111110011111100111
18 5 111111111110100111111100
18 6 111111111110100101001110
18 7 111111111110110011011101
18 8 111111111111000001111110
18 9 111111111101101000100101
19 0 111111111110010100001010
19 1 111111111110101011111010
19 2 000000000001001010100011
19 3 111111111111110111100011
19 4 111111111110010110010110
19 5 111111111110100001000111
19 6 111111111110011111100100
19 7 111111111110110010010100
19 8 111111111111000110000111
19 9 111111111101100101101000
20 0 111111111110001111011100
20 1 111111111110101000100110
20 2 000000000001010011111010
20 3 111111111111110000000111
20 4 111111111110010000011010
20 5 111111111110010101111111
20 6 111111111110011010111011
20 7 111111111110101110101100
20 8 111111111111001010000100
20 9 111111111101100011011111
21 0 111111111110001100000000
21 1 111111111110100100100010
21 2 000000000001011000101100
21 3 111111111111101011100010
21 4 111111111110001011000000
21 5 111111111110001110100110
21 6 111111111110010010101000
21 7 111111111110101010110011
21 8 111111111111010000001111
21 9 111111111101100001011110
22 0 111111111110000110111001
22 1 111111111110100011101011
22 2 000000000001011010001011
22 3 111111111111101001001111
22 4 111111111110000111001000
22 5 111111111110001011010111
22 6 111111111110001110000101
22 7 111111111110100110111001
22 8 111111111111010010000101
22 9 111111111101100010000111
23 0 111111111101111111101000
23 1 111111111110100011000100
23 2 000000000001100000011101
23 3 111111111111100110100001
23 4 111111111110000000011000
23 5 111111111110000010100110
23 6 111111111110000111011000
23 7 111111111110100010010101
23 8 111111111111011000011100
23 9 111111111101100001001101
24 0 111111111101111010010001
24 1 111111111110100001101100
24 2 000000000001100111110110
24 3 111111111111100011100000
24 4 111111111101110111111000
24 5 111111111101110111000101
24 6 111111111110000011101100
24 7 111111111110100011001010
24 8 111111111111011001100001
24 9 111111111101011110110000
25 0 111111111101110011111000
25 1 111111111110100001000001
25 2 000000000001101100010111
25 3 111111111111100011110011
25 4 111111111101110101110010
25 5 111111111101101101100101
25 6 111111111101111011000000
25 7 111111111110100011000010
25 8 111111111111011101111010
25 9 111111111101011101011011
26 0 111111111101110010001011
26 1 111111111110100001110110
26 2 000000000001110001001111
26 3 111111111111100011111001
26 4 111111111101110000110010
26 5 111111111101100101001111
26 6 111111111101110010101000
26 7 111111111110101000100011
26 8 111111111111011100001000
26 9 111111111101011000001001
27 0 111111111101110001010000
27 1 111111111110100001100010
27 2 000000000001110001110000
27 3 111111111111100010011111
27 4 111111111101101010101011
27 5 111111111101100101101100
27 6 111111111101101101100100
27 7 111111111110100110011000
27 8 111111111111011100111010
27 9 111111111101010110110000
28 0 111111111101110011110110
28 1 111111111110100010001110
28 2 000000000001110101011100
28 3 111111111111011011010001
28 4 111111111101100101011110
28 5 111111111101011111001110
28 6 111111111101101101100101
28 7 111111111110100110011011
28 8 111111111111011100111001
28 9 111111111101010001011110
29 0 111111111101110111000000
29 1 111111111110100001111011
29 2 000000000001110110000110
29 3 111111111111010011000000
29 4 111111111101100010101001
29 5 111111111101010110110111
29 6 111111111101101100110011
29 7 111111111110101010001001
29 8 111111111111011010110111
29 9 111111111101001111110001
30 0 111111111101111000010001
30 1 111111111110100010101111
30 2 000000000001111111111101
30 3 111111111111001110010111
30 4 111111111101100000111001
30 5 111111111101001011101110
30 6 111111111101110000011101
30 7 111111111110101100110001
30 8 111111111111010110110000
30 9 111111111101001001111011
31 0 111111111101110110000001
31 1 111111111110101000010000
31 2 000000000010000011100100
31 3 111111111111001101001011
31 4 111111111101011000100111
31 5 111111111101000011101101
31 6 111111111101101101010111
31 7 111111111110110001001011
31 8 111111111111010111001011
31 9 111111111101000010100001
32 0 111111111101110100010001
32 1 111111111110101101101001
32 2 000000000010000011011100
32 3 111111111111001011110100
32 4 111111111101010101101011
32 5 111111111100111110011011
32 6 111111111101101011010001
32 7 111111111110110010011101
32 8 111111111111010111101100
32 9 111111111101000101010010
33 0 111111111101110100011110
33 1 111111111110101101010011
33 2 000000000010000001000111
33 3 111111111111001011100101
33 4 111111111101001111000001
33 5 111111111100111101010000
33 6 111111111101101000100000
33 7 111111111110110101111100
33 8 111111111111011001100110
33 9 111111111101000101101100
34 0 111111111101101111001101
34 1 111111111110101111001000
34 2 000000000010000111010001
34 3 111111111111001110010100
34 4 111111111101000011011010
34 5 111111111100110101010001
34 6 111111111101011111001010
34 7 111111111110111001001110
34 8 111111111111011001100101
34 9 111111111100111110001001
35 0 111111111101101010100000
35 1 111111111110101111010001
35 2 000000000010000000110101
35 3 111111111111010000010111
35 4 111111111100111011110000
35 5 111111111100110110000100
35 6 111111111101011100101100
35 7 111111111110110111000110
35 8 111111111111011101110110
35 9 111111111100111110011011
36 0 111111111101100000101000
36 1 111111111110110010100110
36 2 000000000010000010101001
36 3 111111111111010100100001
36 4 111111111100110011000100
36 5 111111111100101100100011
36 6 111111111101010110010010
36 7 111111111110111000111001
36 8 111111111111100001101000
36 9 111111111100111011001101
37 0 111111111101011000101001
37 1 111111111110110110000000
37 2 000000000010000111000111
37 3 111111111111011000100000
37 4 111111111100101000100111
37 5 111111111100100011110100
37 6 111111111101010000011110
37 7 111111111110111011001011
37 8 111111111111100010010110
37 9 111111111100110001101001
38 0 111111111101001110111000
38 1 111111111110110110110110
38 2 000000000010000111110010
38 3 111111111111100010000111
38 4 111111111100011110111101
38 5 111111111100011111100011
38 6 111111111101001001111101
38 7 111111111110111010011101
38 8 111111111111100001010110
38 9 111111111100101100001000
39 0 111111111101000100000010
39 1 111111111110111111011101
39 2 000000000010001010110010
39 3 111111111111100010011111
39 4 111111111100010110011110
39 5 111111111100011100100100
39 6 111111111101000001111110
39 7 111111111110111001000110
39 8 111111111111100011000110
39 9 111111111100100101000001
40 0 111111111100111011000110
40 1 111111111111000001111101
40 2 000000000010001101100000
40 3 111111111111100101111110
40 4 111111111100001011111101
40 5 111111111100010101000110
40 6 111111111100111000010001
40 7 111111111110111001011101
40 8 111111111111100101101011
40 9 111111111100011111110000
41 0 111111111100110111100110
41 1 111111111111000101110010
41 2 000000000010001100101110
41 3 111111111111100110000100
41 4 111111111100000010110101
41 5 111111111100010001101011
41 6 111111111100110010000111
41 7 111111111110111111101000
41 8 111111111111100010010100
41 9 111111111100011100000011
42 0 111111111100110100001010
42 1 111111111111000001010011
42 2 000000000010010001000101
42 3 111111111111101101000100
42 4 111111111011111010000000
42 5 111111111100001011100110
42 6 111111111100100111001011
42 7 111111111110111010011111
42 8 111111111111100101100100
42 9 111111111100011001001000
43 0 111111111100110010000000
43 1 111111111110111111101000
43 2 000000000010010110000111
43 3 111111111111101111111110
43 4 111111111011110000010100
43 5 111111111100000010111111
43 6 111111111100011011011110
43 7 111111111110111101001001
43 8 111111111111100010000110
43 9 111111111100010111001011
44 0 111111111100110011001111
44 1 111111111111000000100111
44 2 000000000010010111001011
44 3 111111111111110001011110
44 4 111111111011100101110111
44 5 111111111011111111011001
44 6 111111111100010010111100
44 7 111111111111000011110001
44 8 111111111111011111110011
44 9 111111111100010011000101
45 0 111111111100110010010101
45 1 111111111110111111011101
45 2 000000000010011101001010
45 3 111111111111110011110000
45 4 111111111011011001011101
45 5 111111111011111010011001
45 6 111111111100001010000001
45 7 111111111111001000110110
45 8 111111111111011011111110
45 9 111111111100001010110100
46 0 111111111100110000111011
46 1 111111111110111101000111
46 2 000000000010100001000010
46 3 111111111111111100011000
46 4 111111111011001101110100
46 5 111111111011110110111111
46 6 111111111011111101100100
46 7 111111111111001000010010
46 8 111111111111010101001001
46 9 111111111100000110110111
47 0 111111111100110011001000
47 1 111111111110111001100001
47 2 000000000010100000101010
47 3 000000000000000011000001
47 4 111111111011000100100000
47 5 111111111011110111111101
47 6 111111111011110000011100
47 7 111111111111000101010010
47 8 111111111111010000011101
47 9 111111111100000100110000
48 0 111111111100110111001100
48 1 111111111110110011110011
48 2 000000000010011110110010
48 3 000000000000001010101110
48 4 111111111010111011001010
48 5 111111111011110111100010
48 6 111111111011100110000001
48 7 111111111111000100010101
48 8 111111111111001001000011
48 9 111111111100000100001000
49 0 111111111100111100010110
49 1 111111111110101110000000
49 2 000000000010011111000100
49 3 000000000000001110110101
49 4 111111111010101111011011
49 5 111111111011110110110101
49 6 111111111011011101010010
49 7 111111111111000100001000
49 8 111111111111000000001000
49 9 111111111100000011010001
50 0 111111111101000001011101
50 1 111111111110101000011001
50 2 000000000010100000111001
50 3 000000000000010010110000
50 4 111111111010100100011110
50 5 111111111011110011111111
50 6 111111111011010101101110
50 7 111111111111000010011011
50 8 111111111110110111100011
50 9 111111111100000010100001
51 0 111111111101000111001011
51 1 111111111110100001010001
51 2 000000000010100001010001
51 3 000000000000010111100101
51 4 111111111010011000010100
51 5 111111111011110010001110
51 6 111111111011001110111111
51 7 111111111110111111101010
51 8 111111111110101111011100
51 9 111111111100000001100110
52 0 111111111101001101101000
52 1 111111111110011011000111
52 2 000000000010100011000100
52 3 000000000000011011011100
52 4 111111111010001110101000
52 5 111111111011110000001100
52 6 111111111011001100010001
52 7 111111111110111101010000
52 8 111111111110100101111111
52 9 111111111011111110100001
53 0 111111111101010101100000
53 1 111111111110010010101011
53 2 000000000010100101010111
53 3 000000000000011111100100
53 4 111111111010000101101011
53 5 111111111011101100100100
53 6 111111111011000110101101
53 7 111111111110111001111101
53 8 111111111110011101110001
53 9 111111111011111011110100
54 0 111111111101011101101111
54 1 111111111110001001011011
54 2 000000000010100101101010
54 3 000000000000100001111110
54 4 111111111001111110100000
54 5 111111111011101001010010
54 6 111111111011000011001110
54 7 111111111110110100100000
54 8 111111111110011001001101
54 9 111111111011111010100000
55 0 111111111101100110000110
55 1 111111111110000011110011
55 2 000000000010100111100100
55 3 000000000000100011000100
55 4 111111111001110111010110
55 5 111111111011100101110010
55 6 111111111011000001100001
55 7 111111111110101100100111
55 8 111111111110010110010100
55 9 111111111011111010110001
56 0 111111111101101100010010
56 1 111111111101111110001111
56 2 000000000010101001000010
56 3 000000000000100111101011
56 4 111111111001101111001010
56 5 111111111011100011101100
56 6 111111111010111111110010
56 7 111111111110100101010010
56 8 111111111110010010101101
56 9 111111111011110110111000
57 0 111111111101110001100111
57 1 111111111101111100000000
57 2 000000000010101011110101
57 3 000000000000100100110011
57 4 111111111001101100011101
57 5 111111111011011000110101
57 6 111111111011000001111101
57 7 111111111110100011110001
57 8 111111111110010010000001
57 9 111111111011110101001101
58 0 111111111101111001011100
58 1 111111111101111001100010
58 2 000000000010110001011110
58 3 000000000000100001101101
58 4 111111111001101000001101
58 5 111111111011001101010100
58 6 111111111011000010100100
58 7 111111111110100001111001
58 8 111111111110001110011000
58 9 111111111011101110010011
59 0 111111111110000000110011
59 1 111111111101111001000011
59 2 000000000010110011111001
59 3 000000000000011100101011
59 4 111111111001100101101110
59 5 111111111011000101110110
59 6 111111111011000001110010
59 7 111111111110011111100100
59 8 111111111110001101011101
59 9 111111111011101010111101
60 0 111111111110000110100111
60 1 111111111101110010111001
60 2 000000000010111000000110
60 3 000000000000100001100001
60 4 111111111001100010000001
60 5 111111111011000010000110
60 6 111111111010111011110001
60 7 111111111110011001011010
60 8 111111111110001100100100
60 9 111111111011100010111101
61 0 111111111110001011011111
61 1 111111111101110001111000
61 2 000000000011000001001011
61 3 000000000000100000010100
61 4 111111111001011111010010
61 5 111111111010110110010011
61 6 111111111010110111101001
61 7 111111111110010011101000
61 8 111111111110001011000111
61 9 111111111011011101001101
62 0 111111111110010000010101
62 1 111111111101101110101010
62 2 000000000011001010010001
62 3 000000000000011111001101
62 4 111111111001011010011001
62 5 111111111010101110101101
62 6 111111111010110001010010
62 7 111111111110010110111000
62 8 111111111110000111100100
62 9 111111111011010110111111
63 0 111111111110010111011001
63 1 111111111101100110001100
63 2 000000000011001111011011
63 3 000000000000100000100001
63 4 111111111001010101011100
63 5 111111111010100101110100
63 6 111111111010101001110011
63 7 111111111110011011000110
63 8 111111111110001000101011
63 9 111111111011010010010011
64 0 111111111110100000110011
64 1 111111111101011110111101
64 2 000000000011010110110010
64 3 000000000000011111001011
64 4 111111111001010001101010
64 5 111111111010011010001011
64 6 111111111010100010010100
64 7 111111111110011100011000
64 8 111111111110001010001000
64 9 111111111011001100101101
65 0 111111111110100100010100
65 1 111111111101011010001100
65 2 000000000011011011010011
65 3 000000000000100001010100
65 4 111111111001001011111100
65 5 111111111010010101001000
65 6 111111111010011101111011
65 7 111111111110011101010000
65 8 111111111110001001100010
65 9 111111111011001001010100
66 0 111111111110100110011001
66 1 111111111101010101110110
66 2 000000000011100011110001
66 3 000000000000100010100001
66 4 111111111001000011000011
66 5 111111111010010000001001
66 6 111111111010010100110000
66 7 111111111110100000100001
66 8 111111111110000110000101
66 9 111111111011000010110011
67 0 111111111110101010110001
67 1 111111111101010010100101
67 2 000000000011100110110000
67 3 000000000000011111100111
67 4 111111111000111111010110
67 5 111111111010001010000111
67 6 111111111010010000110111
67 7 111111111110100001110110
67 8 111111111110000111111011
67 9 111111111011000001001011
68 0 111111111110101110110111
68 1 111111111101001110010101
68 2 000000000011101101100101
68 3 000000000000100000010111
68 4 111111111000111100011001
68 5 111111111001111011011011
68 6 111111111010001000010101
68 7 111111111110100100010101
68 8 111111111110000100111110
68 9 111111111010111110000011
69 0 111111111110110100100101
69 1 111111111101001100011110
69 2 000000000011110100001011
69 3 000000000000011111010010
69 4 111111111000111000001110
69 5 111111111001110010001111
69 6 111111111001111111000101
69 7 111111111110100101000100
69 8 111111111101111110001101
69 9 111111111010110111110101
70 0 111111111110111000110011
70 1 111111111101001100000011
70 2 000000000011110011111000
70 3 000000000000011100000001
70 4 111111111000111010100000
70 5 111111111001101101010111
70 6 111111111001111110010100
70 7 111111111110100101011110
70 8 111111111101111011100001
70 9 111111111010111000010110
71 0 111111111110111111101010
71 1 111111111101001001110000
71 2 000000000011110100011011
71 3 000000000000011000011110
71 4 111111111000110010001111
71 5 111111111001110010101011
71 6 111111111001111011101001
71 7 111111111110100011011001
71 8 111111111101110111010000
71 9 111111111010110011000101
72 0 111111111111000110101000
72 1 111111111101001000100011
72 2 000000000011110101111000
72 3 000000000000010101100011
72 4 111111111000101001010011
72 5 111111111001110101101111
72 6 111111111001111001010000
72 7 111111111110011111000111
72 8 111111111101110001011010
72 9 111111111010101111001111
73 0 111111111111000101110011
73 1 111111111101001011000111
73 2 000000000011110111100111
73 3 000000000000010101110111
73 4 111111111000101010010011
73 5 111111111001110010110110
73 6 111111111001111100010111
73 7 111111111110100000111101
73 8 111111111101110000101011
73 9 111111111010101011110100
74 0 111111111111001011101111
74 1 111111111101000110001001
74 2 000000000011111011010100
74 3 000000000000010110000110
74 4 111111111000100011000110
74 5 111111111001111010110000
74 6 111111111001111010000000
74 7 111111111110011100101001
74 8 111111111101101011100000
74 9 111111111010100111000011
75 0 111111111111010000101110
75 1 111111111101000000101111
75 2 000000000011111101100001
75 3 000000000000010011110001
75 4 111111111000011010011110
75 5 111111111001111111010010
75 6 111111111001111010111001
75 7 111111111110010111011110
75 8 111111111101100111101010
75 9 111111111010011101011010
76 0 111111111111010111000111
76 1 111111111100111001110100
76 2 000000000011111101111110
76 3 000000000000010101001011
76 4 111111111000001110110111
76 5 111111111010000100110101
76 6 111111111001110111101010
76 7 111111111110010010101010
76 8 111111111101100100001100
76 9 111111111010011101101010
77 0 111111111111011010010100
77 1 111111111100111000111001
77 2 000000000100000101001101
77 3 000000000000001110000111
77 4 111111111000001100010001
77 5 111111111001111111011100
77 6 111111111001111000101100
77 7 111111111110001100101110
77 8 111111111101100010010000
77 9 111111111010011001000001
78 0 111111111111011011011111
78 1 111111111100110101011110
78 2 000000000100001000000001
78 3 000000000000000110110011
78 4 111111111000001100010001
78 5 111111111001110101101101
78 6 111111111001111001011011
78 7 111111111110000101110111
78 8 111111111101011111001100
78 9 111111111010010110000000
79 0 111111111111011100011110
79 1 111111111100110010110110
79 2 000000000100001100101100
79 3 000000000000000010000011
79 4 111111111000001011000000
79 5 111111111001101100110010
79 6 111111111001110010110011
79 7 111111111110000001010111
79 8 111111111101011000110000
79 9 111111111010010001001011
80 0 111111111111011111110011
80 1 111111111100101110101001
80 2 000000000100001111001000
80 3 111111111111111101000101
80 4 111111111000001010001010
80 5 111111111001100101101010
80 6 111111111001101100101101
80 7 111111111101111101111001
80 8 111111111101010001010001
80 9 111111111010001101000111
81 0 111111111111100000011011
81 1 111111111100100111110001
81 2 000000000100010000000100
81 3 111111111111111001110110
81 4 111111111000000111000001
81 5 111111111001100000010111
81 6 111111111001101010100010
81 7 111111111101111011110011
81 8 111111111101001100001110
81 9 111111111010001001001010
82 0 111111111111011100011001
82 1 111111111100100010010110
82 2 000000000100010010101110
82 3 111111111111111001000010
82 4 111111111000000000010111
82 5 111111111001011010110011
82 6 111111111001100101001100
82 7 111111111101111000100011
82 8 111111111101001001001110
82 9 111111111010000100000010
83 0 111111111111010110011110
83 1 111111111100011110001101
83 2 000000000100010111111111
83 3 111111111111110111100001
83 4 111111110111111101001101
83 5 111111111001010110111001
83 6 111111111001011101100100
83 7 111111111101110101110011
83 8 111111111101000101101101
83 9 111111111010000011100000
84 0 111111111111010000001010
84 1 111111111100011110010111
84 2 000000000100011010111110
84 3 111111111111111000111100
84 4 111111110111111010100001
84 5 111111111001001010110100
84 6 111111111001010111100010
84 7 111111111101111010100101
84 8 111111111101000000111010
84 9 111111111001111111111000
85 0 111111111111001100010001
85 1 111111111100011100101000
85 2 000000000100100000000110
85 3 111111111111110110010100
85 4 111111110111110110110010
85 5 111111111001000100101010
85 6 111111111001010011011111
85 7 111111111101111001110111
85 8 111111111100111111010000
85 9 111111111001111101010011
86 0 111111111111001001000111
86 1 111111111100011100101101
86 2 000000000100100110010111
86 3 111111111111110110111001
86 4 111111110111110100101110
86 5 111111111000111001001001
86 6 111111111001001110001000
86 7 111111111101111010111001
86 8 111111111100111100101001
86 9 111111111001110101100111
87 0 111111111111001000001100
87 1 111111111100011111011111
87 2 000000000100101101010101
87 3 111111111111110011100101
87 4 111111110111110000111101
87 5 111111111000101101100101
87 6 111111111001000111111111
87 7 111111111101111001010101
87 8 111111111100111001111101
87 9 111111111001101110111000
88 0 111111111111000110101101
88 1 111111111100100001101100
88 2 000000000100110100001110
88 3 111111111111110001101000
88 4 111111110111101110100100
88 5 111111111000011111111001
88 6 111111111001000000110001
88 7 111111111101111011011100
88 8 111111111100110100011110
88 9 111111111001101000100011
89 0 111111111111000001110101
89 1 111111111100100100110000
89 2 000000000100111011000111
89 3 111111111111101111111010
89 4 111111110111101001111100
89 5 111111111000010111010111
89 6 111111111000111100111110
89 7 111111111101111011001101
89 8 111111111100110011110100
89 9 111111111001100001101010
90 0 111111111110111010001000
90 1 111111111100100111011100
90 2 000000000101000010110000
90 3 111111111111101110000010
90 4 111111110111101000010111
90 5 111111111000001010100010
90 6 111111111000110100101000
90 7 111111111101111001101110
90 8 111111111100110010000011
90 9 111111111001011010010011
91 0 111111111110110111110110
91 1 111111111100101001101011
91 2 000000000101000110010011
91 3 111111111111101000101011
91 4 111111110111100110010010
91 5 111111111000000011111001
91 6 111111111000110000011101
91 7 111111111101110101010101
91 8 111111111100101111100101
91 9 111111111001010101001101
92 0 111111111110110001110101
92 1 111111111100101010100010
92 2 000000000101001101010101
92 3 111111111111100011011000
92 4 111111110111100110111111
92 5 111111110111110110100101
92 6 111111111000101001011101
92 7 111111111101110000001111
92 8 111111111100101111100101
92 9 111111111001010010001111
93 0 111111111110101101111100
93 1 111111111100101010101000
93 2 000000000101001110111101
93 3 111111111111011110101101
93 4 111111110111100100000111
93 5 111111110111110001000001
93 6 111111111000100111101101
93 7 111111111101101000110111
93 8 111111111100110000101110
93 9 111111111001001110011001
94 0 111111111110100101001110
94 1 111111111100101111111000
94 2 000000000101001111111110
94 3 111111111111011000011100
94 4 111111110111100100000010
94 5 111111110111100101010110
94 6 111111111000100011100010
94 7 111111111101100100000011
94 8 111111111100101100110001
94 9 111111111001001111010001
95 0 111111111110100000001010
95 1 111111111100110101100101
95 2 000000000101010000001010
95 3 111111111111010011111001
95 4 111111110111100001110110
95 5 111111110111011110101110
95 6 111111111000011111010011
95 7 111111111101100011100011
95 8 111111111100101011010001
95 9 111111111001001011100101
96 0 111111111110011100011110
96 1 111111111100111001011010
96 2 000000000101010010100110
96 3 111111111111010100100001
96 4 111111110111100010101001
96 5 111111110111011001011011
96 6 111111111000011000011100
96 7 111111111101011111000100
96 8 111111111100101100110001
96 9 111111111001000110011001
97 0 111111111110010111001000
97 1 111111111100111011010011
97 2 000000000101010110001000
97 3 111111111111001111001100
97 4 111111110111100000110000
97 5 111111110111001111110100
97 6 111111111000010010101100
97 7 111111111101011001100101
97 8 111111111100101011110111
97 9 111111111001000011111010
98 0 111111111110010100101010
98 1 111111111101000001101110
98 2 000000000101010111100011
98 3 111111111111000101000101
98 4 111111110111100100101000
98 5 111111110111001000110000
98 6 111111111000010011000110
98 7 111111111101010110101010
98 8 111111111100101010111001
98 9 111111111001000000100110
99 0 111111111110001110111101
99 1 111111111101000010100000
99 2 000000000101011001100100
99 3 111111111111001000110011
99 4 111111110111101000000111
99 5 111111110111000110010011
99 6 111111111000010000100010
99 7 111111111101010001111000
99 8 111111111100100111000010
99 9 111111111001000000000000
100 0 111111111110001010010111
100 1 111111111101000010111100
100 2 000000000101011101011111
100 3 111111111111001110111100
100 4 111111110111101000100001
100 5 111111110111000100110001
100 6 111111111000001111100100
100 7 111111111101001111110110
100 8 111111111100100111111011
100 9 111111111000111011101011
101 0 111111111110001110000011
101 1 111111111101000011000011
101 2 000000000101011001111110
101 3 111111111111001110000110
101 4 111111110111101001111001
101 5 111111110111000111001000
101 6 111111111000010001011110
101 7 111111111101001011101011
101 8 111111111100100100001111
101 9 111111111000111110000011
