0 0 000000000000000000000000
0 1 000000000000000000000000
0 2 000000000000000000000000
0 3 000000000000000000000000
0 4 000000000000000000000000
0 5 000000000000000000000000
0 6 000000000000000000000000
0 7 000000000000000000000000
0 8 000000000000000000000000
0 9 000000000000000000000000
1 0 000000000000000000000000
1 1 000000000000000000000000
1 2 000000000000000000000000
1 3 000000000000000000000000
1 4 000000000000000000000000
1 5 000000000000000000000000
1 6 000000000000000000000000
1 7 000000000000000000000000
1 8 000000000000000000000000
1 9 000000000000000000000000
2 0 111111111111111000010000
2 1 111111111111111101100101
2 2 111111111111111111010000
2 3 111111111111111101110001
2 4 111111111111111100101100
2 5 111111111111110111110100
2 6 111111111111110110001000
2 7 111111111111111111000001
2 8 111111111111110000100100
2 9 111111111111110100000000
3 0 111111111111111000100110
3 1 111111111111110011100100
3 2 111111111111111100000011
3 3 111111111111111001010101
3 4 111111111111110111010110
3 5 111111111111110001000111
3 6 111111111111110011111100
3 7 111111111111111001101000
3 8 111111111111101010000000
3 9 111111111111101111001010
4 0 111111111111111010001110
4 1 111111111111110000110001
4 2 111111111111111100110000
4 3 111111111111110110110100
4 4 111111111111110001010011
4 5 111111111111100101010110
4 6 111111111111101011100100
4 7 111111111111111010010000
4 8 111111111111011100010100
4 9 111111111111100110001001
5 0 111111111111111000100110
5 1 111111111111110001011111
5 2 111111111111111111101000
5 3 111111111111110001001111
5 4 111111111111101100001010
5 5 111111111111011100000100
5 6 111111111111101011011011
5 7 111111111111110100101011
5 8 111111111111010101101010
5 9 111111111111010111100010
6 0 111111111111110011011000
6 1 111111111111101000110001
6 2 000000000000000010110000
6 3 111111111111101111000000
6 4 111111111111101000110110
6 5 111111111111010100011011
6 6 111111111111100110011001
6 7 111111111111101111110010
6 8 111111111111001001110101
6 9 111111111111001010001111
7 0 111111111111101100111101
7 1 111111111111011111101100
7 2 000000000000000101101101
7 3 111111111111101011001101
7 4 111111111111100111100110
7 5 111111111111001011101000
7 6 111111111111100001100000
7 7 111111111111101010100011
7 8 111111111111000000100011
7 9 111111111110111111011001
8 0 111111111111100111110111
8 1 111111111111011011100111
8 2 000000000000000111000110
8 3 111111111111101000100100
8 4 111111111111100101111011
8 5 111111111111000010110011
8 6 111111111111011011010110
8 7 111111111111100110001100
8 8 111111111110110001110011
8 9 111111111110110010101100
9 0 111111111111100010110101
9 1 111111111111010011011001
9 2 000000000000001101010101
9 3 111111111111100011001111
9 4 111111111111100101011010
9 5 111111111110111001101110
9 6 111111111111010111111011
9 7 111111111111011111111110
9 8 111111111110101010000111
9 9 111111111110101000001011
10 0 111111111111100000111011
10 1 111111111111001110111010
10 2 000000000000010001011010
10 3 111111111111100001101111
10 4 111111111111100000100000
10 5 111111111110110000110010
10 6 111111111111010001101001
10 7 111111111111011110011001
10 8 111111111110011101000001
10 9 111111111110011011110100
11 0 111111111111011100110110
11 1 111111111111000101110110
11 2 000000000000010010101010
11 3 111111111111100001001000
11 4 111111111111011010111010
11 5 111111111110101001010111
11 6 111111111111001011111001
11 7 111111111111011011001100
11 8 111111111110010010111010
11 9 111111111110010000101100
12 0 111111111111010101111000
12 1 111111111111000000010100
12 2 000000000000010100100110
12 3 111111111111100001100100
12 4 111111111111011000001110
12 5 111111111110100001101010
12 6 111111111111000100001010
12 7 111111111111011011001001
12 8 111111111110001001100111
12 9 111111111110000101001111
13 0 111111111111001101100101
13 1 111111111110111101011101
13 2 000000000000011011110110
13 3 111111111111100010010010
13 4 111111111111010101101111
13 5 111111111110011000010000
13 6 111111111110111100100000
13 7 111111111111011010001110
13 8 111111111110000110111110
13 9 111111111101110101001100
14 0 111111111111000111011110
14 1 111111111110111011111110
14 2 000000000000100011010001
14 3 111111111111100010100001
14 4 111111111111010010100010
14 5 111111111110010000101010
14 6 111111111110110101110011
14 7 111111111111011000101001
14 8 111111111110000000110111
14 9 111111111101100100110111
15 0 111111111111000001010011
15 1 111111111110111000101000
15 2 000000000000101101000100
15 3 111111111111100011110101
15 4 111111111111001101100111
15 5 111111111110001000000111
15 6 111111111110101110001011
15 7 111111111111010111111110
15 8 111111111110000000101100
15 9 111111111101010110010010
16 0 111111111110111001000100
16 1 111111111110110110111011
16 2 000000000000110101001101
16 3 111111111111100100011000
16 4 111111111111001000011100
16 5 111111111110000010001010
16 6 111111111110100101011000
16 7 111111111111010110111011
16 8 111111111110000001100010
16 9 111111111101001001000010
17 0 111111111110101111110000
17 1 111111111110110101100110
17 2 000000000000111100110111
17 3 111111111111100100111011
17 4 111111111111000100000111
17 5 111111111101111100011101
17 6 111111111110011100011010
17 7 111111111111010110010101
17 8 111111111110000000000000
17 9 111111111100111100100110
18 0 111111111110101000111011
18 1 111111111110110001010010
18 2 000000000001000111101001
18 3 111111111111100100111001
18 4 111111111110111100111111
18 5 111111111101110100001101
18 6 111111111110010011001000
18 7 111111111111010101111100
18 8 111111111101111110010110
18 9 111111111100110011101001
19 0 111111111110100011010011
19 1 111111111110101010011001
19 2 000000000001010000011000
19 3 111111111111100000110000
19 4 111111111110110111011110
19 5 111111111101101110010100
19 6 111111111110001100001110
19 7 111111111111010001000101
19 8 111111111101111111001101
19 9 111111111100101100011011
20 0 111111111110011101001101
20 1 111111111110100010100000
20 2 000000000001010111111000
20 3 111111111111011101001110
20 4 111111111110110010110111
20 5 111111111101100111111101
20 6 111111111110000110101000
20 7 111111111111001101000010
20 8 111111111101111111110011
20 9 111111111100100101110111
21 0 111111111110011010010010
21 1 111111111110011011000101
21 2 000000000001100000010000
21 3 111111111111011000011101
21 4 111111111110101101001011
21 5 111111111101100010110010
21 6 111111111101111101110011
21 7 111111111111000110111101
21 8 111111111110000000000100
21 9 111111111100100011011100
22 0 111111111110010011101100
22 1 111111111110010100111001
22 2 000000000001100011111111
22 3 111111111111010110001101
22 4 111111111110101010001100
22 5 111111111101100000101011
22 6 111111111101110100001100
22 7 111111111111000001110000
22 8 111111111110000000101111
22 9 111111111100100001100011
23 0 111111111110001111101101
23 1 111111111110001011000111
23 2 000000000001100111101001
23 3 111111111111010101101000
23 4 111111111110100110010010
23 5 111111111101100000111110
23 6 111111111101100110011100
23 7 111111111110111100111011
23 8 111111111101111111100010
23 9 111111111100100001101000
24 0 111111111110001111000000
24 1 111111111110000000110011
24 2 000000000001101011110100
24 3 111111111111010001101001
24 4 111111111110100011011100
24 5 111111111101011110000000
24 6 111111111101011010001001
24 7 111111111110111000010010
24 8 111111111101111111011010
24 9 111111111100100100000101
25 0 111111111110001100001000
25 1 111111111101111000100111
25 2 000000000001110000000100
25 3 111111111111001110000001
25 4 111111111110011111001000
25 5 111111111101011100110010
25 6 111111111101010000011011
25 7 111111111110110100001000
25 8 111111111101111100000100
25 9 111111111100100101110101
26 0 111111111110001101101010
26 1 111111111101110000110110
26 2 000000000001110101101100
26 3 111111111111001111110011
26 4 111111111110010110010001
26 5 111111111101011100010110
26 6 111111111101001000011011
26 7 111111111110101101111001
26 8 111111111101111011110111
26 9 111111111100100100001000
27 0 111111111110001011110001
27 1 111111111101100111001011
27 2 000000000001110111100010
27 3 111111111111001111001001
27 4 111111111110010010101011
27 5 111111111101011101110001
27 6 111111111100111110011011
27 7 111111111110100101101110
27 8 111111111101111101001011
27 9 111111111100100100110001
28 0 111111111110001011100101
28 1 111111111101100100010100
28 2 000000000001110011110100
28 3 111111111111001011010110
28 4 111111111110010101111001
28 5 111111111101011100010011
28 6 111111111100111000110010
28 7 111111111110100111001110
28 8 111111111101111011010101
28 9 111111111100100110000010
29 0 111111111110001111010110
29 1 111111111101011011011011
29 2 000000000001110001000001
29 3 111111111111000110101000
29 4 111111111110011000010000
29 5 111111111101011100001000
29 6 111111111100110010100011
29 7 111111111110100010000010
29 8 111111111101111011001011
29 9 111111111100101010110010
30 0 111111111110010010011011
30 1 111111111101010011100011
30 2 000000000001110001101001
30 3 111111111111000000111111
30 4 111111111110011000010101
30 5 111111111101011100011011
30 6 111111111100101110000101
30 7 111111111110011100001010
30 8 111111111101111100111010
30 9 111111111100101100110100
31 0 111111111110001111011101
31 1 111111111101001010010011
31 2 000000000001101111110110
31 3 111111111110111011111100
31 4 111111111110011000011000
31 5 111111111101011110001010
31 6 111111111100101010110110
31 7 111111111110010011100111
31 8 111111111110000000011100
31 9 111111111100110011111100
32 0 111111111110001111011101
32 1 111111111101001010010011
32 2 000000000001101111110110
32 3 111111111110111011111100
32 4 111111111110011000011000
32 5 111111111101011110001010
32 6 111111111100101010110110
32 7 111111111110010011100111
32 8 111111111110000000011100
32 9 111111111100110011111100
33 0 111111111110001110111110
33 1 111111111101000110110011
33 2 000000000001110010100011
33 3 111111111110110111000111
33 4 111111111110010010010111
33 5 111111111101100001111000
33 6 111111111100101001001010
33 7 111111111110001000101101
33 8 111111111110000100000000
33 9 111111111100110100010000
34 0 111111111110001110110000
34 1 111111111101000001011010
34 2 000000000001110010100011
34 3 111111111110110010111000
34 4 111111111110010000001001
34 5 111111111101100000011000
34 6 111111111100100100011110
34 7 111111111101111111100101
34 8 111111111110001010110000
34 9 111111111100110111001000
35 0 111111111110001011101100
35 1 111111111100111111111011
35 2 000000000001110101101011
35 3 111111111110101111010000
35 4 111111111110001110011000
35 5 111111111101011010100001
35 6 111111111100011001100001
35 7 111111111101110110111011
35 8 111111111110001100110100
35 9 111111111100111001101110
36 0 111111111110001011100011
36 1 111111111100111100010101
36 2 000000000001111001101011
36 3 111111111110110000011000
36 4 111111111110000110100001
36 5 111111111101011011110101
36 6 111111111100001110100011
36 7 111111111101110100110001
36 8 111111111110001010000100
36 9 111111111100111000000110
37 0 111111111110001111010110
37 1 111111111100110011110010
37 2 000000000001111010111000
37 3 111111111110110010100010
37 4 111111111110000011011110
37 5 111111111101011010000011
37 6 111111111100000001111110
37 7 111111111101110010000101
37 8 111111111110000110110011
37 9 111111111100110110101011
38 0 111111111110001011010010
38 1 111111111100101010111010
38 2 000000000001110101011100
38 3 111111111110110100000010
38 4 111111111101111101001000
38 5 111111111101011101101110
38 6 111111111011110011110010
38 7 111111111101101100011000
38 8 111111111110000101000011
38 9 111111111100111100100110
39 0 111111111110001010100010
39 1 111111111100100101000011
39 2 000000000001110100111101
39 3 111111111110110101000011
39 4 111111111101110111000110
39 5 111111111101011110011011
39 6 111111111011101001011101
39 7 111111111101101000111101
39 8 111111111110000011100100
39 9 111111111100111100010010
40 0 111111111110000110011000
40 1 111111111100011110000011
40 2 000000000001101110110110
40 3 111111111110111001000101
40 4 111111111101110001110000
40 5 111111111101011111001010
40 6 111111111011011001110110
40 7 111111111101100101100000
40 8 111111111110000010111011
40 9 111111111100111111011000
41 0 111111111110000010111010
41 1 111111111100010110110101
41 2 000000000001101000100001
41 3 111111111110111011000011
41 4 111111111101101100101000
41 5 111111111101100000111110
41 6 111111111011001100000100
41 7 111111111101100000010010
41 8 111111111110000010001001
41 9 111111111101000010010000
42 0 111111111110000100011011
42 1 111111111100010011001100
42 2 000000000001101011100010
42 3 111111111110111011100111
42 4 111111111101100110010100
42 5 111111111101011110100100
42 6 111111111010111110001010
42 7 111111111101011110101101
42 8 111111111101111100011001
42 9 111111111101000011111110
43 0 111111111110000000001110
43 1 111111111100010000101010
43 2 000000000001101101110111
43 3 111111111111000000100010
43 4 111111111101011001111010
43 5 111111111101011111110001
43 6 111111111010110010010111
43 7 111111111101011101110111
43 8 111111111101110110110111
43 9 111111111101000001101111
44 0 111111111101111110001000
44 1 111111111100010000101111
44 2 000000000001110000011000
44 3 111111111111000000000111
44 4 111111111101010010010011
44 5 111111111101011010011101
44 6 111111111010100011010101
44 7 111111111101011111011101
44 8 111111111101110010101101
44 9 111111111101000001110000
45 0 111111111101111101011010
45 1 111111111100001110100000
45 2 000000000001110100000111
45 3 111111111111000101100011
45 4 111111111101001001110110
45 5 111111111101010111001010
45 6 111111111010010011011011
45 7 111111111101100001000111
45 8 111111111101101100111110
45 9 111111111101000001000110
46 0 111111111101111100101100
46 1 111111111100001100010010
46 2 000000000001110111110101
46 3 111111111111001010111110
46 4 111111111101000001011011
46 5 111111111101010011111000
46 6 111111111010000011100101
46 7 111111111101100010110001
46 8 111111111101100111010001
46 9 111111111101000000011100
47 0 111111111101111011010000
47 1 111111111100001001011001
47 2 000000000001111001010100
47 3 111111111111001111011010
47 4 111111111100111000000101
47 5 111111111101010011000111
47 6 111111111001110101010111
47 7 111111111101100001111101
47 8 111111111101100010011101
47 9 111111111100111111111101
48 0 111111111101111010000000
48 1 111111111100000110101011
48 2 000000000001111100100110
48 3 111111111111010011100111
48 4 111111111100110000001010
48 5 111111111101010001001011
48 6 111111111001101000011011
48 7 111111111101011111100101
48 8 111111111101011100110110
48 9 111111111100111111001111
49 0 111111111101110111110010
49 1 111111111100000110010111
49 2 000000000010000000101010
49 3 111111111111010101110011
49 4 111111111100100110001111
49 5 111111111101010000011011
49 6 111111111001011101110000
49 7 111111111101011100110001
49 8 111111111101010101010111
49 9 111111111100111100101110
50 0 111111111101111000101111
50 1 111111111100000001111111
50 2 000000000010000011001011
50 3 111111111111010101101000
50 4 111111111100011110010010
50 5 111111111101001111110001
50 6 111111111001010101101000
50 7 111111111101011000111010
50 8 111111111101010000110110
50 9 111111111100111101011011
51 0 111111111101111010101010
51 1 111111111011111111010100
51 2 000000000010000011010010
51 3 111111111111010011111100
51 4 111111111100010111010100
51 5 111111111101001111010010
51 6 111111111001001111001010
51 7 111111111101010101110100
51 8 111111111101001010001000
51 9 111111111100111111011000
52 0 111111111101111011011000
52 1 111111111011111011101001
52 2 000000000010000110010110
52 3 111111111111010101110000
52 4 111111111100001101100110
52 5 111111111101001100101010
52 6 111111111001001011010100
52 7 111111111101010000011111
52 8 111111111101000101010011
52 9 111111111100111110000100
53 0 111111111101111011011001
53 1 111111111011110101010110
53 2 000000000010001000111100
53 3 111111111111010110100110
53 4 111111111100000011110100
53 5 111111111101001101001010
53 6 111111111001001011111000
53 7 111111111101000111110110
53 8 111111111101000001001101
53 9 111111111100111011110101
54 0 111111111101111100101010
54 1 111111111011101110101000
54 2 000000000010001011000110
54 3 111111111111010111100000
54 4 111111111011111011010000
54 5 111111111101001011000100
54 6 111111111001001010011001
54 7 111111111100111111011100
54 8 111111111100111101110000
54 9 111111111100111010001001
55 0 111111111110000000001111
55 1 111111111011101010011110
55 2 000000000010001111110010
55 3 111111111111010111111110
55 4 111111111011110111001110
55 5 111111111101000011011101
55 6 111111111001001001010011
55 7 111111111100111001101111
55 8 111111111100111000010110
55 9 111111111100110110001000
56 0 111111111110000001100010
56 1 111111111011100101011101
56 2 000000000010010100000110
56 3 111111111111010111101101
56 4 111111111011110011011110
56 5 111111111100111100100110
56 6 111111111001001001111100
56 7 111111111100110010010111
56 8 111111111100110110101010
56 9 111111111100101111110001
57 0 111111111110000010110101
57 1 111111111011100100111010
57 2 000000000010011011100110
57 3 111111111111010011100001
57 4 111111111011101111010101
57 5 111111111100110000011010
57 6 111111111001001011100110
57 7 111111111100101010010001
57 8 111111111100110101001100
57 9 111111111100101010111001
58 0 111111111110000011011011
58 1 111111111011100010001101
58 2 000000000010100101101111
58 3 111111111111010001010001
58 4 111111111011101001001011
58 5 111111111100100100000001
58 6 111111111001001010110011
58 7 111111111100100010001101
58 8 111111111100110111111111
58 9 111111111100100010101011
59 0 111111111110000100100111
59 1 111111111011100000101001
59 2 000000000010101101010100
59 3 111111111111001011011100
59 4 111111111011100100110000
59 5 111111111100011010000100
59 6 111111111001001011011010
59 7 111111111100010110110100
59 8 111111111100111000010101
59 9 111111111100011010001001
60 0 111111111110000110101111
60 1 111111111011011110001010
60 2 000000000010110001100010
60 3 111111111111000110011001
60 4 111111111011100000100000
60 5 111111111100010010001011
60 6 111111111001001101001111
60 7 111111111100001100101110
60 8 111111111100110111011010
60 9 111111111100010000100000
61 0 111111111110000101010111
61 1 111111111011011101101111
61 2 000000000010111011110110
61 3 111111111111000101010010
61 4 111111111011011010010000
61 5 111111111100000110010110
61 6 111111111001001011110100
61 7 111111111100000011010001
61 8 111111111100110111000111
61 9 111111111100000101010111
62 0 111111111110000100000000
62 1 111111111011011011001100
62 2 000000000010111110100100
62 3 111111111111000100100111
62 4 111111111011010110111110
62 5 111111111100000100001011
62 6 111111111001001000101010
62 7 111111111011111001011100
62 8 111111111100110110100001
62 9 111111111011111111111001
63 0 111111111110000110111011
63 1 111111111011011010001100
63 2 000000000011000110001011
63 3 111111111111000001110000
63 4 111111111011010000001010
63 5 111111111011111101110111
63 6 111111111001000110111001
63 7 111111111011110100010101
63 8 111111111100110100010011
63 9 111111111011110101001101
64 0 111111111110001000101011
64 1 111111111011011010010101
64 2 000000000011001010010010
64 3 111111111110111011000010
64 4 111111111011000111100100
64 5 111111111011111011101010
64 6 111111111001001100100000
64 7 111111111011101101010011
64 8 111111111100110010010101
64 9 111111111011101010100001
65 0 111111111110001001111101
65 1 111111111011010110000000
65 2 000000000011001111001010
65 3 111111111110110101011001
65 4 111111111011000001111000
65 5 111111111011111100011001
65 6 111111111001010011111000
65 7 111111111011100101111101
65 8 111111111100101111101011
65 9 111111111011011110001100
66 0 111111111110000111011011
66 1 111111111011001111110110
66 2 000000000011010011101010
66 3 111111111110110101010110
66 4 111111111010111000111011
66 5 111111111011111100100000
66 6 111111111001010101000111
66 7 111111111011011111011010
66 8 111111111100101110100111
66 9 111111111011010100101000
67 0 111111111110000110101001
67 1 111111111011001110000111
67 2 000000000011011011100110
67 3 111111111110111000001111
67 4 111111111010110010110101
67 5 111111111011110110001101
67 6 111111111001001111111110
67 7 111111111011100000110111
67 8 111111111100101100110110
67 9 111111111011001011001110
68 0 111111111110001111110010
68 1 111111111011000110110010
68 2 000000000011011100001110
68 3 111111111110111010000100
68 4 111111111010101010011011
68 5 111111111011110111101110
68 6 111111111001010011011110
68 7 111111111011011111111001
68 8 111111111100100111001010
68 9 111111111011000011000110
69 0 111111111110010100111000
69 1 111111111011000110010100
69 2 000000000011011010100101
69 3 111111111110111011011011
69 4 111111111010100100101101
69 5 111111111011111000111000
69 6 111111111001010100110110
69 7 111111111011011011100010
69 8 111111111100100110011110
69 9 111111111010111011001000
70 0 111111111110010101100111
70 1 111111111011000011011100
70 2 000000000011100011100010
70 3 111111111110111000000010
70 4 111111111010011110011111
70 5 111111111011110001011010
70 6 111111111001010110000111
70 7 111111111011011000010001
70 8 111111111100100111010100
70 9 111111111010101111010110
71 0 111111111110011000000110
71 1 111111111011000010010101
71 2 000000000011101010111111
71 3 111111111110110011100001
71 4 111111111010011000011010
71 5 111111111011110001100011
71 6 111111111001011000001110
71 7 111111111011010101101000
71 8 111111111100101001010000
71 9 111111111010101001110011
72 0 111111111110011000001010
72 1 111111111011000011011101
72 2 000000000011110110001010
72 3 111111111110101111000011
72 4 111111111010010100011100
72 5 111111111011100111101011
72 6 111111111001011000010110
72 7 111111111011001101010101
72 8 111111111100101001011011
72 9 111111111010100000111001
73 0 111111111110010011000101
73 1 111111111011001000001100
73 2 000000000100000001000100
73 3 111111111110101111001101
73 4 111111111010010011011010
73 5 111111111011100011011110
73 6 111111111001010100100010
73 7 111111111011000111100001
73 8 111111111100100110010111
73 9 111111111010010111001001
74 0 111111111110010000100111
74 1 111111111011001010001011
74 2 000000000100000110111111
74 3 111111111110101111110010
74 4 111111111010010000010001
74 5 111111111011100101110101
74 6 111111111001010101100100
74 7 111111111011000001001011
74 8 111111111100011111101010
74 9 111111111010001011000110
75 0 111111111110001111001110
75 1 111111111011001001100001
75 2 000000000100001100111000
75 3 111111111110110000000001
75 4 111111111010001011010111
75 5 111111111011011101001110
75 6 111111111001011000110000
75 7 111111111010111001100110
75 8 111111111100100000000111
75 9 111111111010000110001110
76 0 111111111110001110010010
76 1 111111111011001100101111
76 2 000000000100011000010000
76 3 111111111110110000011110
76 4 111111111010000111100111
76 5 111111111011010000101010
76 6 111111111001010110011000
76 7 111111111010110111011001
76 8 111111111100011100000100
76 9 111111111001110111111100
77 0 111111111110001100100011
77 1 111111111011001100001100
77 2 000000000100011100111010
77 3 111111111110110001111101
77 4 111111111010001011011100
77 5 111111111011000111000101
77 6 111111111001011000101101
77 7 111111111010111000000011
77 8 111111111100011010110100
77 9 111111111001101110100110
78 0 111111111110001011001100
78 1 111111111011001011111011
78 2 000000000100100010000110
78 3 111111111110110011110110
78 4 111111111010001001111100
78 5 111111111010111111111001
78 6 111111111001011101100001
78 7 111111111010110011000110
78 8 111111111100010101000101
78 9 111111111001100110000010
79 0 111111111110000111110101
79 1 111111111011001011100100
79 2 000000000100100111011010
79 3 111111111110110110010100
79 4 111111111010000101110001
79 5 111111111010110111110001
79 6 111111111001100001110100
79 7 111111111010101110011011
79 8 111111111100001111000111
79 9 111111111001011011000011
80 0 111111111110000101001001
80 1 111111111011001001110101
80 2 000000000100110001100000
80 3 111111111110110110101101
80 4 111111111010000001101010
80 5 111111111010110000001101
80 6 111111111001100001110001
80 7 111111111010100110100001
80 8 111111111100001110001101
80 9 111111111001001100111010
81 0 111111111110000010011100
81 1 111111111011001011100011
81 2 000000000100110100100000
81 3 111111111110111010001111
81 4 111111111001111100011110
81 5 111111111010100110101101
81 6 111111111001100101001000
81 7 111111111010100011100011
81 8 111111111100001001001010
81 9 111111111001000001111110
82 0 111111111110000000110010
82 1 111111111011001010101011
82 2 000000000100111001100000
82 3 111111111110111100111010
82 4 111111111001110111010010
82 5 111111111010011011110100
82 6 111111111001100110111111
82 7 111111111010011110001110
82 8 111111111100000110111000
82 9 111111111000110110010101
83 0 111111111101111101110011
83 1 111111111011001001101101
83 2 000000000101000001010111
83 3 111111111110111110001101
83 4 111111111001110001101111
83 5 111111111010010001101111
83 6 111111111001100111111110
83 7 111111111010010110101100
83 8 111111111100000101000000
83 9 111111111000101010110110
84 0 111111111101111010100010
84 1 111111111011001011000100
84 2 000000000101001000111011
84 3 111111111110111111100001
84 4 111111111001101100011000
84 5 111111111010000101100011
84 6 111111111001101001101011
84 7 111111111010010001000110
84 8 111111111100000100101000
84 9 111111111000011111111101
85 0 111111111101110101100001
85 1 111111111011001100010100
85 2 000000000101001110001001
85 3 111111111111000000001000
85 4 111111111001101001010001
85 5 111111111001111011011001
85 6 111111111001101101111101
85 7 111111111010001010011011
85 8 111111111100000011111001
85 9 111111111000010101001110
86 0 111111111101110011011101
86 1 111111111011001010110000
86 2 000000000101011000000101
86 3 111111111111000010001010
86 4 111111111001100101001000
86 5 111111111001110000011110
86 6 111111111001101111011011
86 7 111111111010000010111100
86 8 111111111100000001110110
86 9 111111111000001000100011
87 0 111111111101110011100100
87 1 111111111011001101000001
87 2 000000000101100000011100
87 3 111111111111000001110010
87 4 111111111001100001001010
87 5 111111111001100010011110
87 6 111111111001110001000001
87 7 111111111001111110111101
87 8 111111111011111101001001
87 9 111111110111111111100001
88 0 111111111101110000011111
88 1 111111111011001011111110
88 2 000000000101101001010111
88 3 111111111111000101001011
88 4 111111111001011100100001
88 5 111111111001011001011101
88 6 111111111001110001110111
88 7 111111111001111001000111
88 8 111111111011111010101110
88 9 111111110111110001110001
89 0 111111111101101101111100
89 1 111111111011001001011001
89 2 000000000101110010000000
89 3 111111111111000111110011
89 4 111111111001011001010011
89 5 111111111001001110001010
89 6 111111111001110100100110
89 7 111111111001110010011110
89 8 111111111011111000011101
89 9 111111110111100101111000
90 0 111111111101101011011010
90 1 111111111011001000010100
90 2 000000000101111010111100
90 3 111111111111001001110101
90 4 111111111001010111000011
90 5 111111111001000010000111
90 6 111111111001110110100001
90 7 111111111001101100111010
90 8 111111111011110101010001
90 9 111111110111011010101110
91 0 111111111101101000111001
91 1 111111111011000101110000
91 2 000000000110000011100001
91 3 111111111111001100011011
91 4 111111111001010011110110
91 5 111111111000110110111010
91 6 111111111001111001001111
91 7 111111111001100110010100
91 8 111111111011110011000001
91 9 111111110111001110111010
92 0 111111111101100101010001
92 1 111111111011000110000000
92 2 000000000110001110001110
92 3 111111111111001101011111
92 4 111111111001010011100011
92 5 111111111000101001010110
92 6 111111111001111010010011
92 7 111111111001100001111000
92 8 111111111011110000010110
92 9 111111110111000011100011
93 0 111111111101100001011011
93 1 111111111011000100000000
93 2 000000000110010111010110
93 3 111111111111010000001001
93 4 111111111001010000011111
93 5 111111111000011110011000
93 6 111111111001111011100001
93 7 111111111001011100111010
93 8 111111111011101110011011
93 9 111111110110111001100001
94 0 111111111101011111001010
94 1 111111111011000011100100
94 2 000000000110011110100000
94 3 111111111111010000101101
94 4 111111111001010000101000
94 5 111111111000010011100100
94 6 111111111001111101100101
94 7 111111111001010111100100
94 8 111111111011101011110010
94 9 111111110110101111101011
95 0 111111111101011011001111
95 1 111111111011000101110101
95 2 000000000110101001011100
95 3 111111111111010000001101
95 4 111111111001010000110001
95 5 111111111000000111110111
95 6 111111111001111100110001
95 7 111111111001010001110110
95 8 111111111011101010011011
95 9 111111110110100100001100
96 0 111111111101011000101011
96 1 111111111011001000111110
96 2 000000000110110011011010
96 3 111111111111010000111110
96 4 111111111001010000011001
96 5 111111110111111100010111
96 6 111111111001111011111011
96 7 111111111001010000000011
96 8 111111111011100101010001
96 9 111111110110011001000111
97 0 111111111101010101000110
97 1 111111111011001100100111
97 2 000000000110111110011110
97 3 111111111111001111111110
97 4 111111111001001110110111
97 5 111111110111110001110000
97 6 111111111010000000001101
97 7 111111111001001101001111
97 8 111111111011100000010001
97 9 111111110110001100111010
98 0 111111111101001101011111
98 1 111111111011001010111111
98 2 000000000111001000000100
98 3 111111111111001111000000
98 4 111111111001001110010110
98 5 111111110111101011010110
98 6 111111111010000001100010
98 7 111111111001001011100001
98 8 111111111011100000010000
98 9 111111110110000101110010
99 0 111111111101000101100011
99 1 111111111011001001100110
99 2 000000000111001011111010
99 3 111111111111001111011101
99 4 111111111001001110001100
99 5 111111110111100110111000
99 6 111111111010000101001001
99 7 111111111001000010110101
99 8 111111111011100010010001
99 9 111111110110000001010011
100 0 111111111101000000000010
100 1 111111111011001000101000
100 2 000000000111001111001101
100 3 111111111111001111011100
100 4 111111111001001110110011
100 5 111111110111100001000100
100 6 111111111010001000111010
100 7 111111111000111110111100
100 8 111111111011100011011001
100 9 111111110101111000110000
101 0 111111111101000000011010
101 1 111111111011000111111011
101 2 000000000111010010101111
101 3 111111111111010001011000
101 4 111111111001001100111001
101 5 111111110111100001000010
101 6 111111111010000110110111
101 7 111111111000111101111011
101 8 111111111011100110000010
101 9 111111110101110111010001
