0 0 000000000000000000000000
0 1 000000000000000000000000
0 2 000000000000000000000000
0 3 000000000000000000000000
0 4 000000000000000000000000
0 5 000000000000000000000000
0 6 000000000000000000000000
0 7 000000000000000000000000
0 8 000000000000000000000000
0 9 000000000000000000000000
1 0 000000000000000000000000
1 1 000000000000000000000000
1 2 000000000000000000000000
1 3 000000000000000000000000
1 4 000000000000000000000000
1 5 000000000000000000000000
1 6 000000000000000000000000
1 7 000000000000000000000000
1 8 000000000000000000000000
1 9 000000000000000000000000
2 0 111111111111111000011100
2 1 111111111111111110100011
2 2 000000000000000101100000
2 3 111111111111111110111110
2 4 000000000000000010010101
2 5 111111111111110100100011
2 6 111111111111111100010101
2 7 111111111111111000010111
2 8 111111111111111011001001
2 9 111111111111111010001011
3 0 111111111111101110110100
3 1 000000000000000010101001
3 2 000000000000000101110000
3 3 111111111111111101011011
3 4 111111111111111100000000
3 5 111111111111101010101111
3 6 111111111111110111010110
3 7 111111111111110010001010
3 8 111111111111110101011001
3 9 111111111111110011001101
4 0 111111111111100111110111
4 1 000000000000000001000111
4 2 000000000000000011111101
4 3 111111111111110100010011
4 4 111111111111111101011000
4 5 111111111111011110101000
4 6 111111111111111000011010
4 7 111111111111110011001011
4 8 111111111111110011000000
4 9 111111111111101111000101
5 0 111111111111100000000110
5 1 111111111111111110101110
5 2 111111111111111110010111
5 3 111111111111101101110110
5 4 111111111111111001110000
5 5 111111111111011100000111
5 6 111111111111110011100101
5 7 111111111111110011101101
5 8 111111111111100110110111
5 9 111111111111100010010110
6 0 111111111111011001110111
6 1 111111111111111100110000
6 2 111111111111111100110011
6 3 111111111111101100001110
6 4 111111111111110100110010
6 5 111111111111010100101011
6 6 111111111111101101111100
6 7 111111111111110100110001
6 8 111111111111011011000111
6 9 111111111111010111110101
7 0 111111111111010011111110
7 1 111111111111110110100000
7 2 111111111111111101111100
7 3 111111111111101001100010
7 4 111111111111110001101001
7 5 111111111111001110010001
7 6 111111111111101011010000
7 7 111111111111110010110111
7 8 111111111111001111100111
7 9 111111111111001011101110
8 0 111111111111001101100101
8 1 111111111111110100101110
8 2 000000000000000000110110
8 3 111111111111101001011110
8 4 111111111111101100110010
8 5 111111111111000101101001
8 6 111111111111100101000000
8 7 111111111111110101111010
8 8 111111111111000100110101
8 9 111111111110111101101101
9 0 111111111111001000101100
9 1 111111111111101111100110
9 2 111111111111111111011101
9 3 111111111111101011010111
9 4 111111111111100101001000
9 5 111111111111000010011001
9 6 111111111111011111010110
9 7 111111111111110110011000
9 8 111111111110110111111111
9 9 111111111110101111010101
10 0 111111111111000101110100
10 1 111111111111101001010000
10 2 000000000000000100010101
10 3 111111111111101010001011
10 4 111111111111100001011101
10 5 111111111110111000000000
10 6 111111111111011011101010
10 7 111111111111110110001100
10 8 111111111110101011110001
10 9 111111111110100010111100
11 0 111111111111000001101101
11 1 111111111111100011101101
11 2 000000000000000111011010
11 3 111111111111101111110110
11 4 111111111111011011010111
11 5 111111111110101110100011
11 6 111111111111010011110000
11 7 111111111111111000000001
11 8 111111111110100000000101
11 9 111111111110010001101011
12 0 111111111110111100011010
12 1 111111111111100000011011
12 2 000000000000001010110010
12 3 111111111111110101100100
12 4 111111111111010011111001
12 5 111111111110100101111110
12 6 111111111111001100000100
12 7 111111111111111010010100
12 8 111111111110010110010110
12 9 111111111110000000101011
13 0 111111111110110110100101
13 1 111111111111011100010110
13 2 000000000000010000111001
13 3 111111111111111011111000
13 4 111111111111001100111001
13 5 111111111110011011011010
13 6 111111111111000001101110
13 7 111111111111111110010100
13 8 111111111110001101111110
13 9 111111111101110011000110
14 0 111111111110101101101000
14 1 111111111111010101111101
14 2 000000000000010011111100
14 3 000000000000000001001011
14 4 111111111111000111100000
14 5 111111111110010100100001
14 6 111111111110110111001111
14 7 111111111111111111100101
14 8 111111111110001000000010
14 9 111111111101101000000011
15 0 111111111110100100101110
15 1 111111111111010001100000
15 2 000000000000010110101110
15 3 000000000000000101101011
15 4 111111111111000010101001
15 5 111111111110001101001010
15 6 111111111110101110001000
15 7 111111111111111111100010
15 8 111111111110000101101111
15 9 111111111101011110001001
16 0 111111111110011101001100
16 1 111111111111001011110101
16 2 000000000000010110011111
16 3 000000000000001100001100
16 4 111111111110111001101011
16 5 111111111110001010011101
16 6 111111111110100101001110
16 7 111111111111111101011000
16 8 111111111110000010110110
16 9 111111111101010011110100
17 0 111111111110010100101100
17 1 111111111111000100011111
17 2 000000000000010010001101
17 3 000000000000010000010100
17 4 111111111110110000011000
17 5 111111111110001100000000
17 6 111111111110011100111000
17 7 111111111111111000001001
17 8 111111111110000100011100
17 9 111111111101001101011110
18 0 111111111110001010111101
18 1 111111111110111011101000
18 2 000000000000010001000100
18 3 000000000000010110011111
18 4 111111111110100111011101
18 5 111111111110010010001000
18 6 111111111110010111011010
18 7 111111111111110000000011
18 8 111111111110000100100001
18 9 111111111101000110000100
19 0 111111111110000000001010
19 1 111111111110110100101000
19 2 000000000000010001111011
19 3 000000000000011100010101
19 4 111111111110100000011011
19 5 111111111110011000110010
19 6 111111111110010000010010
19 7 111111111111101000011001
19 8 111111111110000010111111
19 9 111111111101000001001011
20 0 111111111101111000111111
20 1 111111111110101001000111
20 2 000000000000001110101001
20 3 000000000000100001100111
20 4 111111111110011001111011
20 5 111111111110100100010001
20 6 111111111110001010010000
20 7 111111111111011101101100
20 8 111111111110000010111101
20 9 111111111100111100100011
21 0 111111111101110001001011
21 1 111111111110011100111100
21 2 000000000000001100101101
21 3 000000000000101000101110
21 4 111111111110010010001001
21 5 111111111110101100110010
21 6 111111111110000101011000
21 7 111111111111010010110111
21 8 111111111110000011000111
21 9 111111111100110111000001
22 0 111111111101100111100011
22 1 111111111110010011100000
22 2 000000000000000111101011
22 3 000000000000101111010011
22 4 111111111110001011011100
22 5 111111111110110110000111
22 6 111111111101111111010011
22 7 111111111111000110000100
22 8 111111111110000100111110
22 9 111111111100110100110011
23 0 111111111101100000000011
23 1 111111111110001000011110
23 2 000000000000000100010010
23 3 000000000000110110100111
23 4 111111111110000101000010
23 5 111111111110111100110110
23 6 111111111101111010011101
23 7 111111111110111001101101
23 8 111111111110000101110011
23 9 111111111100110001010100
24 0 111111111101010111101010
24 1 111111111101111110010110
24 2 111111111111111110000011
24 3 000000000000111100001011
24 4 111111111101111111101000
24 5 111111111111000110101111
24 6 111111111101110101110011
24 7 111111111110101100001101
24 8 111111111110001000111000
24 9 111111111100101111001001
25 0 111111111101001111111101
25 1 111111111101110010110001
25 2 111111111111111100011000
25 3 000000000001000010110001
25 4 111111111101111001000011
25 5 111111111111001100101110
25 6 111111111101101111101100
25 7 111111111110100010011111
25 8 111111111110001011011010
25 9 111111111100101001011111
26 0 111111111101001001001011
26 1 111111111101100111001111
26 2 111111111111111010001101
26 3 000000000001000110110011
26 4 111111111101110100101001
26 5 111111111111010001011111
26 6 111111111101101110101011
26 7 111111111110010100111000
26 8 111111111110001111010101
26 9 111111111100100111001101
27 0 111111111101000100100000
27 1 111111111101011111011100
27 2 111111111111111000100010
27 3 000000000001001101101001
27 4 111111111101101100101110
27 5 111111111111010101100110
27 6 111111111101101010111011
27 7 111111111110001011100011
27 8 111111111110010010000111
27 9 111111111100100011000111
28 0 111111111101000010001110
28 1 111111111101010111101011
28 2 111111111111110110111100
28 3 000000000001010011001111
28 4 111111111101100011101101
28 5 111111111111011101010100
28 6 111111111101101000011110
28 7 111111111110000010000001
28 8 111111111110010100010111
28 9 111111111100011111010000
29 0 111111111100111111010000
29 1 111111111101010000001101
29 2 111111111111110111111111
29 3 000000000001011101000110
29 4 111111111101100000001101
29 5 111111111111011101011110
29 6 111111111101100100111011
29 7 111111111110000001101100
29 8 111111111110010000100101
29 9 111111111100011001000001
30 0 111111111100111101100011
30 1 111111111101001001110100
30 2 111111111111110110001001
30 3 000000000001011010101101
30 4 111111111101011100110111
30 5 111111111111100001010011
30 6 111111111101100001110011
30 7 111111111101111101110100
30 8 111111111110010001110011
30 9 111111111100011010001010
31 0 111111111100111001100110
31 1 111111111101001010111110
31 2 111111111111110100100011
31 3 000000000001011001011101
31 4 111111111101011010010110
31 5 111111111111100010011111
31 6 111111111101011101010100
31 7 111111111101111100111011
31 8 111111111110010001110011
31 9 111111111100011001001001
32 0 111111111100110101111011
32 1 111111111101001011101001
32 2 111111111111110001101001
32 3 000000000001011000101000
32 4 111111111101011011001110
32 5 111111111111100001101000
32 6 111111111101011011000001
32 7 111111111101111001101100
32 8 111111111110010010100001
32 9 111111111100011100010110
33 0 111111111100110011011100
33 1 111111111101001111111001
33 2 111111111111110011111111
33 3 000000000001011010110001
33 4 111111111101010110010001
33 5 111111111111100010101101
33 6 111111111101010101101011
33 7 111111111101111011001001
33 8 111111111110010001001010
33 9 111111111100011100001011
34 0 111111111100110001011010
34 1 111111111101010010100001
34 2 111111111111111000000110
34 3 000000000001011011111110
34 4 111111111101010011110010
34 5 111111111111100100001101
34 6 111111111101010001110111
34 7 111111111101110111101110
34 8 111111111110010011000001
34 9 111111111100011001001100
35 0 111111111100110001001111
35 1 111111111101001110011011
35 2 111111111111110100000000
35 3 000000000001011011101000
35 4 111111111101010010000011
35 5 111111111111101011001111
35 6 111111111101001110001111
35 7 111111111101110110101111
35 8 111111111110010100110101
35 9 111111111100010101001011
36 0 111111111100101101110001
36 1 111111111101001000011100
36 2 111111111111110000001011
36 3 000000000001100101111000
36 4 111111111101001001101100
36 5 111111111111101110110010
36 6 111111111101001001111000
36 7 111111111101110000110010
36 8 111111111110010110100100
36 9 111111111100010001000111
37 0 111111111100100111000110
37 1 111111111101000101110101
37 2 111111111111101111000101
37 3 000000000001101100110001
37 4 111111111101000101000000
37 5 111111111111101110100101
37 6 111111111101000110000101
37 7 111111111101101001001101
37 8 111111111110011011000011
37 9 111111111100001110110000
38 0 111111111100100011010001
38 1 111111111101000010100001
38 2 111111111111101101100001
38 3 000000000001110001011010
38 4 111111111100111111110101
38 5 111111111111110011101011
38 6 111111111101000101000010
38 7 111111111101100011100001
38 8 111111111110011010001110
38 9 111111111100001101000101
39 0 111111111100011100001110
39 1 111111111100111101001101
39 2 111111111111101110100001
39 3 000000000001111100011111
39 4 111111111100111001001111
39 5 111111111111110101101000
39 6 111111111101000000100110
39 7 111111111101011101001011
39 8 111111111110011010100011
39 9 111111111100000110101001
40 0 111111111100010101101101
40 1 111111111100110011110101
40 2 111111111111110001001000
40 3 000000000010000100100111
40 4 111111111100110000011001
40 5 111111111111111001000001
40 6 111111111100111011011111
40 7 111111111101010010100010
40 8 111111111110011011101110
40 9 111111111100000011011110
41 0 111111111100010011100101
41 1 111111111100101100101001
41 2 111111111111110011100110
41 3 000000000010010000010110
41 4 111111111100100110011100
41 5 111111111111111011111011
41 6 111111111100110001110001
41 7 111111111101001101011101
41 8 111111111110011011000011
41 9 111111111011111111100000
42 0 111111111100001100101010
42 1 111111111100100101111000
42 2 111111111111110111110100
42 3 000000000010011101101010
42 4 111111111100011100111110
42 5 111111111111111100101111
42 6 111111111100101010111110
42 7 111111111101000011101100
42 8 111111111110011010111110
42 9 111111111011111011100010
43 0 111111111100001000111010
43 1 111111111100011110111101
43 2 111111111111111010111100
43 3 000000000010100011110100
43 4 111111111100010100101101
43 5 111111111111111111001101
43 6 111111111100100100111011
43 7 111111111100110111011100
43 8 111111111110011111001000
43 9 111111111011111010111000
44 0 111111111100000101100111
44 1 111111111100010111010001
44 2 111111111111111011110111
44 3 000000000010101001110011
44 4 111111111100001100011111
44 5 000000000000000010110100
44 6 111111111100011111011001
44 7 111111111100101011001110
44 8 111111111110100011111100
44 9 111111111011111010010011
45 0 111111111100000011100100
45 1 111111111100010100011011
45 2 111111111111111100001000
45 3 000000000010110001011111
45 4 111111111011111110001000
45 5 000000000000000110101001
45 6 111111111100011001110000
45 7 111111111100100100010111
45 8 111111111110100010100000
45 9 111111111011110101101000
46 0 111111111100000001110111
46 1 111111111100001111110110
46 2 111111111111111110101011
46 3 000000000010110010101010
46 4 111111111011110000110001
46 5 000000000000000101100000
46 6 111111111100010110111001
46 7 111111111100011101000010
46 8 111111111110101000001000
46 9 111111111011110011111100
47 0 111111111011111111000101
47 1 111111111100001110101100
47 2 111111111111111111000100
47 3 000000000010110111001010
47 4 111111111011100000110010
47 5 000000000000000110110010
47 6 111111111100010011111011
47 7 111111111100011000110011
47 8 111111111110101000100100
47 9 111111111011101100010001
48 0 111111111011111001100011
48 1 111111111100001010111100
48 2 000000000000000000101000
48 3 000000000010111011010000
48 4 111111111011010101100101
48 5 000000000000001000010001
48 6 111111111100001111001001
48 7 111111111100010010110010
48 8 111111111110100110111111
48 9 111111111011101100000000
49 0 111111111011110011000100
49 1 111111111100000111011011
49 2 111111111111111100110110
49 3 000000000011000000011101
49 4 111111111011001110001100
49 5 000000000000001011011101
49 6 111111111100000101111010
49 7 111111111100001100010101
49 8 111111111110100110110010
49 9 111111111011101110011000
50 0 111111111011101101011100
50 1 111111111100000000001000
50 2 111111111111111010101110
50 3 000000000011000111000110
50 4 111111111011001000000000
50 5 000000000000001100011010
50 6 111111111011111101011010
50 7 111111111100000101100110
50 8 111111111110100111000000
50 9 111111111011101111011010
51 0 111111111011100011111000
51 1 111111111011111100011101
51 2 111111111111111000100111
51 3 000000000011001110111000
51 4 111111111011000000001100
51 5 000000000000001100010011
51 6 111111111011110110010001
51 7 111111111011111111111001
51 8 111111111110100100110100
51 9 111111111011101101100110
52 0 111111111011011111000100
52 1 111111111011110101011011
52 2 111111111111111010001101
52 3 000000000011010001001101
52 4 111111111010111100010110
52 5 000000000000001100000010
52 6 111111111011110010011111
52 7 111111111011110110000101
52 8 111111111110100101010101
52 9 111111111011101110101100
53 0 111111111011011100001101
53 1 111111111011101100110011
53 2 111111111111111011100101
53 3 000000000011010100011111
53 4 111111111010110111111011
53 5 000000000000001100000011
53 6 111111111011101111011011
53 7 111111111011101100010110
53 8 111111111110100011011010
53 9 111111111011101111111001
54 0 111111111011010101100100
54 1 111111111011100110111011
54 2 000000000000000000101111
54 3 000000000011011000101000
54 4 111111111010110010011010
54 5 000000000000000110101100
54 6 111111111011101001111000
54 7 111111111011100011011100
54 8 111111111110100110001011
54 9 111111111011101110010001
55 0 111111111011010000111100
55 1 111111111011100011011110
55 2 000000000000000100011010
55 3 000000000011011010111001
55 4 111111111010110010011110
55 5 111111111111111100111000
55 6 111111111011100110011010
55 7 111111111011011100110100
55 8 111111111110100110111110
55 9 111111111011101000010101
56 0 111111111011001101111011
56 1 111111111011011110010010
56 2 000000000000000110010010
56 3 000000000011011110011100
56 4 111111111010101110011000
56 5 111111111111110100111010
56 6 111111111011100100100010
56 7 111111111011010110100110
56 8 111111111110100101010010
56 9 111111111011100011111011
57 0 111111111011001110011000
57 1 111111111011011000110110
57 2 000000000000001001010101
57 3 000000000011100011001100
57 4 111111111010101001110100
57 5 111111111111101100101001
57 6 111111111011100100001101
57 7 111111111011010000010100
57 8 111111111110100000001111
57 9 111111111011011101101000
58 0 111111111011001100010011
58 1 111111111011010101001000
58 2 000000000000001011000010
58 3 000000000011100111111001
58 4 111111111010100011001101
58 5 111111111111100100101011
58 6 111111111011100001010100
58 7 111111111011001011010100
58 8 111111111110011101100101
58 9 111111111011011000111101
59 0 111111111011001001100001
59 1 111111111011010011101010
59 2 000000000000001110100110
59 3 000000000011101100100000
59 4 111111111010100000111010
59 5 111111111111011100000001
59 6 111111111011100010101010
59 7 111111111011000010001111
59 8 111111111110010111101100
59 9 111111111011010011010011
60 0 111111111011000111010111
60 1 111111111011001111100100
60 2 000000000000010001101010
60 3 000000000011110001001100
60 4 111111111010011110110101
60 5 111111111111010011010111
60 6 111111111011100000011010
60 7 111111111010111101110101
60 8 111111111110010100111000
60 9 111111111011001100110000
61 0 111111111011000101001000
61 1 111111111011001011111111
61 2 000000000000010010101001
61 3 000000000011110110011111
61 4 111111111010011010011000
61 5 111111111111001011001011
61 6 111111111011011111000100
61 7 111111111010111000000001
61 8 111111111110010010000110
61 9 111111111011000110000100
62 0 111111111011000101011000
62 1 111111111011001001010000
62 2 000000000000001111010111
62 3 000000000011111000110111
62 4 111111111010011000101001
62 5 111111111111001000001110
62 6 111111111011100010111011
62 7 111111111010110100110000
62 8 111111111110001001101100
62 9 111111111011000000011010
63 0 111111111011000100111111
63 1 111111111011000100111101
63 2 000000000000001001100100
63 3 000000000011111110011000
63 4 111111111010011001000111
63 5 111111111111000111000010
63 6 111111111011100000101011
63 7 111111111010110001010101
63 8 111111111110001010110011
63 9 111111111010111001011110
64 0 111111111011001000110110
64 1 111111111010111001110110
64 2 000000000000001001101111
64 3 000000000011111101110110
64 4 111111111010011000010000
64 5 111111111111000001001110
64 6 111111111011011101111111
64 7 111111111010101011100111
64 8 111111111110010000101011
64 9 111111111010111000111101
65 0 111111111011001010101010
65 1 111111111010110010100111
65 2 000000000000001100000010
65 3 000000000100000010111000
65 4 111111111010010101110100
65 5 111111111110111011010111
65 6 111111111011011000100011
65 7 111111111010101100011000
65 8 111111111110001110001010
65 9 111111111010110100010110
66 0 111111111011001010110111
66 1 111111111010101101000110
66 2 000000000000001101110011
66 3 000000000100000111011011
66 4 111111111010010011110111
66 5 111111111110110111110001
66 6 111111111011010110001000
66 7 111111111010101100100111
66 8 111111111110001001100100
66 9 111111111010101101001110
67 0 111111111011001011010010
67 1 111111111010101000110011
67 2 000000000000001110110100
67 3 000000000100001010110100
67 4 111111111010010011000010
67 5 111111111110110011000101
67 6 111111111011010001111001
67 7 111111111010101011101110
67 8 111111111110000111110001
67 9 111111111010100110011001
68 0 111111111011001110000000
68 1 111111111010100101000010
68 2 000000000000001010011001
68 3 000000000100001000000010
68 4 111111111010001110101111
68 5 111111111110110000100011
68 6 111111111011010001110001
68 7 111111111010100110000011
68 8 111111111110001001100111
68 9 111111111010100101010000
69 0 111111111011001101110011
69 1 111111111010011111100011
69 2 000000000000001001111101
69 3 000000000100001100100001
69 4 111111111010001001111001
69 5 111111111110110010111010
69 6 111111111011010000111011
69 7 111111111010011111100001
69 8 111111111110000100000111
69 9 111111111010011100111110
70 0 111111111011010001011111
70 1 111111111010011100000110
70 2 000000000000001000011010
70 3 000000000100001011011110
70 4 111111111010000011111001
70 5 111111111110110110000101
70 6 111111111011010100100111
70 7 111111111010011100011011
70 8 111111111110000101110011
70 9 111111111010010111101011
71 0 111111111011010010010101
71 1 111111111010011100010111
71 2 000000000000001101011000
71 3 000000000100001111001001
71 4 111111111010001000010101
71 5 111111111110101110110000
71 6 111111111011010001010111
71 7 111111111010011101001001
71 8 111111111101111011000010
71 9 111111111010010100000011
72 0 111111111011011010000001
72 1 111111111010011010101111
72 2 000000000000001101111011
72 3 000000000100001111000101
72 4 111111111010001001000110
72 5 111111111110101100000100
72 6 111111111011010001100111
72 7 111111111010011100111100
72 8 111111111101110110011110
72 9 111111111010001110000101
73 0 111111111011010110111001
73 1 111111111010100000101100
73 2 000000000000001111001011
73 3 000000000100001101110100
73 4 111111111010001010101000
73 5 111111111110101000110010
73 6 111111111011010101001000
73 7 111111111010011100100001
73 8 111111111101110010000000
73 9 111111111010001000111011
74 0 111111111011010110100010
74 1 111111111010100110100011
74 2 000000000000010010101101
74 3 000000000100001011100111
74 4 111111111010001010011011
74 5 111111111110100111100010
74 6 111111111011010111110010
74 7 111111111010010111010000
74 8 111111111101110001100010
74 9 111111111001111110101110
75 0 111111111011010010001011
75 1 111111111010101011000011
75 2 000000000000011001011001
75 3 000000000100001011110100
75 4 111111111010001011111100
75 5 111111111110100101001011
75 6 111111111011011001010111
75 7 111111111010010000001110
75 8 111111111101101110011010
75 9 111111111001110111011100
76 0 111111111011010010000001
76 1 111111111010101101010111
76 2 000000000000011101011100
76 3 000000000100001101010001
76 4 111111111010001010011001
76 5 111111111110011100110110
76 6 111111111011010111001111
76 7 111111111010001100101101
76 8 111111111101101100011000
76 9 111111111001110011111010
77 0 111111111011010011011000
77 1 111111111010101110000011
77 2 000000000000011110011100
77 3 000000000100010010010000
77 4 111111111010001000000100
77 5 111111111110010100001101
77 6 111111111011010110111011
77 7 111111111010001010011011
77 8 111111111101101010011101
77 9 111111111001101101001110
78 0 111111111011010001001010
78 1 111111111010110001011000
78 2 000000000000011100111000
78 3 000000000100010110101111
78 4 111111111010000011001110
78 5 111111111110001100100000
78 6 111111111011010111110101
78 7 111111111010000101011001
78 8 111111111101100100100101
78 9 111111111001101010011001
79 0 111111111011001100100100
79 1 111111111010110110011110
79 2 000000000000011000101011
79 3 000000000100011100110011
79 4 111111111001111011111011
79 5 111111111110000101011111
79 6 111111111011010111101001
79 7 111111111010000010000111
79 8 111111111101011110111011
79 9 111111111001100111100000
80 0 111111111011001000001000
80 1 111111111010111011000011
80 2 000000000000010111001010
80 3 000000000100100011100001
80 4 111111111001110011000000
80 5 111111111110000001011110
80 6 111111111011011010000000
80 7 111111111010000000011011
80 8 111111111101010111101011
80 9 111111111001100001011000
81 0 111111111011000100100001
81 1 111111111010111101111000
81 2 000000000000010010101111
81 3 000000000100101011010001
81 4 111111111001101010010100
81 5 111111111101111110000110
81 6 111111111011011010000101
81 7 111111111010000001010011
81 8 111111111101001110101000
81 9 111111111001011001010010
82 0 111111111011000100011010
82 1 111111111010111110011100
82 2 000000000000001110111000
82 3 000000000100110001001111
82 4 111111111001100010101101
82 5 111111111101111001000110
82 6 111111111011011010100000
82 7 111111111010000000011010
82 8 111111111101000111101000
82 9 111111111001010001011011
83 0 111111111011000010110000
83 1 111111111010111101101000
83 2 000000000000001011111010
83 3 000000000100110111001010
83 4 111111111001011011010001
83 5 111111111101110110101001
83 6 111111111011011010010110
83 7 111111111001111110101100
83 8 111111111100111110100110
83 9 111111111001001001100101
84 0 111111111010111111111011
84 1 111111111010111101110011
84 2 000000000000001001000000
84 3 000000000100111110010001
84 4 111111111001010010001110
84 5 111111111101110010010101
84 6 111111111011010110001001
84 7 111111111001111110001010
84 8 111111111100110100111110
84 9 111111111001000011001100
85 0 111111111010111110010111
85 1 111111111010111101010101
85 2 000000000000000110111000
85 3 000000000101000101001010
85 4 111111111001001010110010
85 5 111111111101101100101100
85 6 111111111011010010100101
85 7 111111111001111101011101
85 8 111111111100101011011010
85 9 111111111000111011111011
86 0 111111111010111000011100
86 1 111111111010111001111000
86 2 000000000000000110010101
86 3 000000000101001100110001
86 4 111111111001000011110010
86 5 111111111101100111010010
86 6 111111111011001101111111
86 7 111111111001111110010010
86 8 111111111100100011110111
86 9 111111111000110101010110
87 0 111111111010110110011010
87 1 111111111010111001010101
87 2 000000000000001000010010
87 3 000000000101010000011010
87 4 111111111001000000000010
87 5 111111111101100010000100
87 6 111111111011000111010010
87 7 111111111010000001011111
87 8 111111111100011000011001
87 9 111111111000101111111001
88 0 111111111010110001101101
88 1 111111111010111001111000
88 2 000000000000001010101111
88 3 000000000101010011101000
88 4 111111111000111011111111
88 5 111111111101010111011001
88 6 111111111011000010111000
88 7 111111111010000100111011
88 8 111111111100001111111101
88 9 111111111000100111001011
89 0 111111111010101010100001
89 1 111111111010111011100000
89 2 000000000000001100110110
89 3 000000000101010110111110
89 4 111111111000110101001100
89 5 111111111101010000101100
89 6 111111111010111111111010
89 7 111111111010001000010100
89 8 111111111100000110111010
89 9 111111111000011110110110
90 0 111111111010100111111100
90 1 111111111010111000110110
90 2 000000000000001111010100
90 3 000000000101011010010101
90 4 111111111000101101111101
90 5 111111111101001100001010
90 6 111111111010111101111001
90 7 111111111010001010110111
90 8 111111111011111111101000
90 9 111111111000010101110011
91 0 111111111010100011110000
91 1 111111111010110100010011
91 2 000000000000010001010111
91 3 000000000101011110010101
91 4 111111111000100110101100
91 5 111111111101001001110001
91 6 111111111010111110000001
91 7 111111111010001011101101
91 8 111111111011111011001001
91 9 111111111000001101110011
92 0 111111111010100000101101
92 1 111111111010101110001101
92 2 000000000000001101111011
92 3 000000000101100001011010
92 4 111111111000011101010010
92 5 111111111101001011100110
92 6 111111111010111100110010
92 7 111111111010001101001110
92 8 111111111011111010011010
92 9 111111111000001010100101
93 0 111111111010011101001010
93 1 111111111010101010110111
93 2 000000000000010010010101
93 3 000000000101100010110100
93 4 111111111000010111111010
93 5 111111111101000110100001
93 6 111111111010111011111000
93 7 111111111010001111000001
93 8 111111111011110101101001
93 9 111111111000000100101111
94 0 111111111010010101100000
94 1 111111111010101010111111
94 2 000000000000010100001010
94 3 000000000101100101011101
94 4 111111111000001110111010
94 5 111111111101000001111110
94 6 111111111010111010101111
94 7 111111111010010001010000
94 8 111111111011110010011001
94 9 111111110111111100011001
95 0 111111111010001111110010
95 1 111111111010101010111111
95 2 000000000000010011000011
95 3 000000000101100110100110
95 4 111111111000001011100101
95 5 111111111100111001101000
95 6 111111111010110110000111
95 7 111111111010010001011101
95 8 111111111011110001001110
95 9 111111110111111000010001
96 0 111111111010000111110111
96 1 111111111010101100000001
96 2 000000000000010111000101
96 3 000000000101101001011010
96 4 111111111000001000111101
96 5 111111111100110000110100
96 6 111111111010110011111001
96 7 111111111010010001111011
96 8 111111111011101100101100
96 9 111111110111101111111011
97 0 111111111010000011101101
97 1 111111111010101000111111
97 2 000000000000010110010011
97 3 000000000101101011110000
97 4 111111111000000101101100
97 5 111111111100101100000100
97 6 111111111010101101101100
97 7 111111111010010100101000
97 8 111111111011101100011001
97 9 111111110111110000000111
98 0 111111111001111111110111
98 1 111111111010100000101000
98 2 000000000000010101011110
98 3 000000000101110001001101
98 4 111111110111111010111001
98 5 111111111100101101010011
98 6 111111111010101011110001
98 7 111111111010010110000000
98 8 111111111011100101100110
98 9 111111110111101100000011
99 0 111111111001111100100100
99 1 111111111010011100010100
99 2 000000000000010011110101
99 3 000000000101110101111010
99 4 111111110111110001011101
99 5 111111111100101111010011
99 6 111111111010101100101001
99 7 111111111010010111110101
99 8 111111111011100000110100
99 9 111111110111100110010101
100 0 111111111001111110001110
100 1 111111111010010111100100
100 2 000000000000010010010001
100 3 000000000101110101101100
100 4 111111110111101010101110
100 5 111111111100101001011110
100 6 111111111010101011001010
100 7 111111111010011110110101
100 8 111111111011011111100001
100 9 111111110111100010000101
101 0 111111111001111001010111
101 1 111111111010011000011100
101 2 000000000000010000000110
101 3 000000000101110100011001
101 4 111111110111100101001111
101 5 111111111100100111001001
101 6 111111111010101110111111
101 7 111111111010100000010111
101 8 111111111011011001100001
101 9 111111110111100001100110
