0 0 000000000000000000000000
0 1 000000000000000000000000
0 2 000000000000000000000000
0 3 000000000000000000000000
0 4 000000000000000000000000
0 5 000000000000000000000000
0 6 000000000000000000000000
0 7 000000000000000000000000
0 8 000000000000000000000000
0 9 000000000000000000000000
1 0 000000000000000000000000
1 1 000000000000000000000000
1 2 000000000000000000000000
1 3 000000000000000000000000
1 4 000000000000000000000000
1 5 000000000000000000000000
1 6 000000000000000000000000
1 7 000000000000000000000000
1 8 000000000000000000000000
1 9 000000000000000000000000
2 0 111111111111110101110101
2 1 111111111111111101101010
2 2 111111111111111110110100
2 3 111111111111111111011000
2 4 111111111111110011100001
2 5 111111111111111100010101
2 6 111111111111110111010101
2 7 111111111111111111000100
2 8 111111111111110111111001
2 9 111111111111111010010000
3 0 111111111111110101000100
3 1 111111111111111001011000
3 2 111111111111111101111000
3 3 111111111111111111001011
3 4 111111111111100110001110
3 5 111111111111110110010111
3 6 111111111111110000000001
3 7 000000000000000000101001
3 8 111111111111110010010011
3 9 111111111111110011100001
4 0 111111111111101111101011
4 1 111111111111110111010011
4 2 111111111111111001111110
4 3 000000000000000010101001
4 4 111111111111011011100000
4 5 111111111111101101000110
4 6 111111111111101101000011
4 7 000000000000001010010101
4 8 111111111111101101001110
4 9 111111111111101100101101
5 0 111111111111101001110101
5 1 111111111111110100000100
5 2 111111111111111100011001
5 3 000000000000000100101001
5 4 111111111111010010111000
5 5 111111111111100010101001
5 6 111111111111101101001111
5 7 000000000000001001000001
5 8 111111111111101001100010
5 9 111111111111100001110100
6 0 111111111111011111111111
6 1 111111111111110011001001
6 2 111111111111111011111110
6 3 000000000000000000111010
6 4 111111111111001100001011
6 5 111111111111100011001101
6 6 111111111111101010010110
6 7 000000000000000010010111
6 8 111111111111101100011110
6 9 111111111111011001010111
7 0 111111111111010001011001
7 1 111111111111110100001111
7 2 111111111111111011001000
7 3 111111111111111100011101
7 4 111111111111001001010111
7 5 111111111111011101001110
7 6 111111111111100110010001
7 7 111111111111111111101001
7 8 111111111111101000110011
7 9 111111111111010101101111
8 0 111111111111000101111000
8 1 111111111111110001101100
8 2 111111111111111010001100
8 3 111111111111110111010011
8 4 111111111111000100011010
8 5 111111111111011001000111
8 6 111111111111100011111010
8 7 111111111111111011110011
8 8 111111111111100010101001
8 9 111111111111001101100010
9 0 111111111110111011111101
9 1 111111111111101100111011
9 2 111111111111111101100010
9 3 111111111111110001100011
9 4 111111111111000011001100
9 5 111111111111010011001111
9 6 111111111111100010110000
9 7 111111111111110010000000
9 8 111111111111100001000100
9 9 111111111111000111111000
10 0 111111111110110011100101
10 1 111111111111100111010001
10 2 000000000000000001010001
10 3 111111111111101010011100
10 4 111111111111000011001011
10 5 111111111111001011000011
10 6 111111111111100001000101
10 7 111111111111101000100011
10 8 111111111111100000001101
10 9 111111111111000011000011
11 0 111111111110101010001101
11 1 111111111111100000010101
11 2 000000000000000000011011
11 3 111111111111100101011100
11 4 111111111111000010111011
11 5 111111111111000100100010
11 6 111111111111100000000110
11 7 111111111111100101001101
11 8 111111111111011010101001
11 9 111111111110111110000011
12 0 111111111110100100010010
12 1 111111111111010111110001
12 2 000000000000000010000011
12 3 111111111111100001110111
12 4 111111111110111111111101
12 5 111111111111000000111010
12 6 111111111111100000001011
12 7 111111111111011010001011
12 8 111111111111011010100110
12 9 111111111110110110101010
13 0 111111111110100001010111
13 1 111111111111001100011101
13 2 000000000000000100110100
13 3 111111111111011100111010
13 4 111111111110111100000011
13 5 111111111110111101010000
13 6 111111111111011111110010
13 7 111111111111001111011011
13 8 111111111111011101011011
13 9 111111111110110010100000
14 0 111111111110011010100101
14 1 111111111111000010110001
14 2 000000000000000011010011
14 3 111111111111010111000111
14 4 111111111110111011110000
14 5 111111111110111010101010
14 6 111111111111100000010111
14 7 111111111111000111001110
14 8 111111111111011101111000
14 9 111111111110101111100010
15 0 111111111110010011000111
15 1 111111111110110111001100
15 2 111111111111111111100001
15 3 111111111111010011101111
15 4 111111111110111000100111
15 5 111111111110110111111010
15 6 111111111111100101111001
15 7 111111111110111110101001
15 8 111111111111100010010000
15 9 111111111110101110001011
16 0 111111111110001101111010
16 1 111111111110101101111010
16 2 111111111111111100111110
16 3 111111111111010010100110
16 4 111111111110110100100010
16 5 111111111110111101001001
16 6 111111111111100100110011
16 7 111111111110110000101001
16 8 111111111111100100010100
16 9 111111111110101100101011
17 0 111111111110000100111110
17 1 111111111110100100110011
17 2 111111111111111010011111
17 3 111111111111010010111110
17 4 111111111110110010111101
17 5 111111111110111101101010
17 6 111111111111100110100101
17 7 111111111110100101011111
17 8 111111111111100101100000
17 9 111111111110100111111011
18 0 111111111110000110011100
18 1 111111111110011110101001
18 2 111111111111110010010101
18 3 111111111111001110000110
18 4 111111111110110000110111
18 5 111111111111000001100101
18 6 111111111111101100000111
18 7 111111111110011100101110
18 8 111111111111100010111010
18 9 111111111110100100101011
19 0 111111111110000111011001
19 1 111111111110010101010011
19 2 111111111111101010000111
19 3 111111111111001011010011
19 4 111111111110101101000001
19 5 111111111111001000101001
19 6 111111111111110001000100
19 7 111111111110010101111001
19 8 111111111111011110111000
19 9 111111111110100100111000
20 0 111111111110000110010010
20 1 111111111110001010001100
20 2 111111111111101000001110
20 3 111111111111000111100000
20 4 111111111110100110010010
20 5 111111111111001011010001
20 6 111111111111110011000000
20 7 111111111110001100011111
20 8 111111111111011111110010
20 9 111111111110100010010100
21 0 111111111110001000001000
21 1 111111111101111111110110
21 2 111111111111100010110000
21 3 111111111111000011100101
21 4 111111111110011111011001
21 5 111111111111010000110010
21 6 111111111111110100000001
21 7 111111111110000011001100
21 8 111111111111100000001100
21 9 111111111110100001001100
22 0 111111111110001001111110
22 1 111111111101110110011101
22 2 111111111111011001010010
22 3 111111111111000110101011
22 4 111111111110011001110101
22 5 111111111111010111001110
22 6 111111111111110000011011
22 7 111111111101111010011101
22 8 111111111111100001010111
22 9 111111111110100000011111
23 0 111111111110001100001111
23 1 111111111101101110001000
23 2 111111111111010100001100
23 3 111111111111000110010101
23 4 111111111110010011010001
23 5 111111111111011010011101
23 6 111111111111101111010111
23 7 111111111101110000111111
23 8 111111111111011101111101
23 9 111111111110011011000100
24 0 111111111110001110011010
24 1 111111111101100111111100
24 2 111111111111001111011010
24 3 111111111111000011110111
24 4 111111111110001100010000
24 5 111111111111011100110111
24 6 111111111111101110011100
24 7 111111111101101011101110
24 8 111111111111011011001111
24 9 111111111110010100110110
25 0 111111111110001101100111
25 1 111111111101100101010000
25 2 111111111111001100000110
25 3 111111111110111110100100
25 4 111111111110001100111110
25 5 111111111111011001100111
25 6 111111111111101110110001
25 7 111111111101100011000100
25 8 111111111111011010111110
25 9 111111111110010001011011
26 0 111111111110001101100100
26 1 111111111101100000101000
26 2 111111111111001110011101
26 3 111111111111000000100111
26 4 111111111110000011110101
26 5 111111111111011001110100
26 6 111111111111101010111101
26 7 111111111101011011011000
26 8 111111111111011011101000
26 9 111111111110001011111010
27 0 111111111110001001010000
27 1 111111111101100000110110
27 2 111111111111001101110010
27 3 111111111111000011010101
27 4 111111111110000001110111
27 5 111111111111011011110101
27 6 111111111111100110011010
27 7 111111111101010011110000
27 8 111111111111011101001110
27 9 111111111110000101010110
28 0 111111111110000011000010
28 1 111111111101011110101001
28 2 111111111111000111101101
28 3 111111111111000001111100
28 4 111111111110000011011000
28 5 111111111111011101000101
28 6 111111111111100100010110
28 7 111111111101001001010111
28 8 111111111111100101011010
28 9 111111111101111110100011
29 0 111111111110000000011000
29 1 111111111101011001101010
29 2 111111111111000101100001
29 3 111111111111000101000101
29 4 111111111101111110010110
29 5 111111111111100001000101
29 6 111111111111100000010110
29 7 111111111100111110110010
29 8 111111111111101001111100
29 9 111111111101111100110001
30 0 111111111110000010011111
30 1 111111111101010011111011
30 2 111111111110111101000001
30 3 111111111111001000111001
30 4 111111111101111000110110
30 5 111111111111100010001111
30 6 111111111111011110011110
30 7 111111111100111010011000
30 8 111111111111101100111011
30 9 111111111101111010100101
31 0 111111111110000011100101
31 1 111111111101001100010111
31 2 111111111110110101011000
31 3 111111111111001101110011
31 4 111111111101110011110011
31 5 111111111111101000111011
31 6 111111111111100001011111
31 7 111111111100110100101101
31 8 111111111111101110111000
31 9 111111111101111001000110
32 0 111111111110000101000010
32 1 111111111101000010111010
32 2 111111111110101011111010
32 3 111111111111010001110001
32 4 111111111101101110011011
32 5 111111111111110010110000
32 6 111111111111100011010100
32 7 111111111100101100000010
32 8 111111111111101110001110
32 9 111111111101110110000010
33 0 111111111110000100000010
33 1 111111111100111101111010
33 2 111111111110101000001010
33 3 111111111111010111101001
33 4 111111111101100111010111
33 5 111111111111110100001110
33 6 111111111111100010110100
33 7 111111111100101000100111
33 8 111111111111101111001001
33 9 111111111101110000111101
34 0 111111111110000000000111
34 1 111111111100110110000001
34 2 111111111110100101000100
34 3 111111111111011010100001
34 4 111111111101100100110001
34 5 111111111111110101110001
34 6 111111111111100011011100
34 7 111111111100011001101000
34 8 111111111111110100111111
34 9 111111111101101001111101
35 0 111111111101111011101011
35 1 111111111100101100100001
35 2 111111111110100011001000
35 3 111111111111100000011101
35 4 111111111101011101110101
35 5 111111111111111011101011
35 6 111111111111100011011011
35 7 111111111100001110000101
35 8 111111111111110111110000
35 9 111111111101100101111101
36 0 111111111101111010111101
36 1 111111111100100110100010
36 2 111111111110100101001110
36 3 111111111111100000110000
36 4 111111111101010100100100
36 5 111111111111111100110011
36 6 111111111111100110000111
36 7 111111111100001010011001
36 8 111111111111111001010000
36 9 111111111101011101000000
37 0 111111111101110110001001
37 1 111111111100100001111000
37 2 111111111110100000010111
37 3 111111111111100000000110
37 4 111111111101010001110010
37 5 000000000000000010000001
37 6 111111111111101000111110
37 7 111111111011111110010001
37 8 111111111111111011011101
37 9 111111111101010100010000
38 0 111111111101110000001011
38 1 111111111100011100100101
38 2 111111111110100011010011
38 3 111111111111011110010100
38 4 111111111101001101001111
38 5 111111111111111111010110
38 6 111111111111101100100011
38 7 111111111011110001001010
38 8 000000000000000010010000
38 9 111111111101001101111000
39 0 111111111101110011101010
39 1 111111111100010111100011
39 2 111111111110100010000100
39 3 111111111111011001011100
39 4 111111111101000111000101
39 5 000000000000000000001010
39 6 111111111111110001000100
39 7 111111111011100110110000
39 8 000000000000000001111000
39 9 111111111101000010001000
40 0 111111111101101100111010
40 1 111111111100010101001011
40 2 111111111110100000100001
40 3 111111111111010110001111
40 4 111111111101000110010011
40 5 000000000000000111100111
40 6 111111111111110110110001
40 7 111111111011010010101110
40 8 000000000000000010001001
40 9 111111111100111011011110
41 0 111111111101101000111010
41 1 111111111100001111011011
41 2 111111111110100001010111
41 3 111111111111010010010000
41 4 111111111101000001110011
41 5 000000000000000110110100
41 6 111111111111111100110000
41 7 111111111011000110111110
41 8 000000000000000010111110
41 9 111111111100101101011010
42 0 111111111101101000101000
42 1 111111111100001010111010
42 2 111111111110100011101111
42 3 111111111111001110000011
42 4 111111111100111100110110
42 5 000000000000000101000001
42 6 000000000000000010100101
42 7 111111111010111001101010
42 8 000000000000000010101101
42 9 111111111100011111011000
43 0 111111111101100111000100
43 1 111111111100000101110101
43 2 111111111110100000100101
43 3 111111111111001001011001
43 4 111111111100111010011001
43 5 000000000000000111010011
43 6 000000000000001000110010
43 7 111111111010101011100000
43 8 000000000000000101101110
43 9 111111111100010101101110
44 0 111111111101100011101101
44 1 111111111011111110110001
44 2 111111111110100010010000
44 3 111111111111000100000011
44 4 111111111100110111011111
44 5 000000000000000100101100
44 6 000000000000001110011010
44 7 111111111010011110010001
44 8 000000000000000100011011
44 9 111111111100001010100010
45 0 111111111101100000010111
45 1 111111111011110101101000
45 2 111111111110011110001111
45 3 111111111111000000101000
45 4 111111111100111001100010
45 5 000000000000000001110001
45 6 000000000000010010111100
45 7 111111111010010010101111
45 8 000000000000000101010111
45 9 111111111100000011110110
46 0 111111111101011101110101
46 1 111111111011100111110011
46 2 111111111110011001110000
46 3 111111111110111100100000
46 4 111111111100110111010010
46 5 000000000000000001000110
46 6 000000000000011001100110
46 7 111111111010000111111111
46 8 000000000000001000101010
46 9 111111111100000000011100
47 0 111111111101011000101101
47 1 111111111011011111101001
47 2 111111111110010111101110
47 3 111111111110110110101111
47 4 111111111100111000011000
47 5 111111111111111101001010
47 6 000000000000100000010001
47 7 111111111010000000111110
47 8 000000000000001001100111
47 9 111111111011111010010110
48 0 111111111101010110101111
48 1 111111111011011001011111
48 2 111111111110010101101011
48 3 111111111110110111000100
48 4 111111111100111010001110
48 5 111111111111111010101010
48 6 000000000000100111001011
48 7 111111111001111000000110
48 8 000000000000001000111000
48 9 111111111011101111010011
49 0 111111111101010100101000
49 1 111111111011010000001000
49 2 111111111110010110000011
49 3 111111111110110001111010
49 4 111111111100111101101110
49 5 111111111111110100111100
49 6 000000000000101100101010
49 7 111111111001101111011101
49 8 000000000000001010000101
49 9 111111111011100101100000
50 0 111111111101010011010100
50 1 111111111011001110110011
50 2 111111111110011000010010
50 3 111111111110101111000011
50 4 111111111100111111101110
50 5 111111111111110001101000
50 6 000000000000110010111001
50 7 111111111001101000011001
50 8 000000000000000100010000
50 9 111111111011011010010111
51 0 111111111101001111000101
51 1 111111111011001100100010
51 2 111111111110011010110111
51 3 111111111110101101001110
51 4 111111111101000010111111
51 5 111111111111101111110101
51 6 000000000000111000100000
51 7 111111111001011111010010
51 8 111111111111111111010110
51 9 111111111011010000110110
52 0 111111111101001100010110
52 1 111111111011001001001000
52 2 111111111110011010001111
52 3 111111111110101100101011
52 4 111111111101000101101111
52 5 111111111111110001110101
52 6 000000000000111110001110
52 7 111111111001010110001001
52 8 111111111111111010111111
52 9 111111111011000111010100
53 0 111111111101001000011100
53 1 111111111011000100001111
53 2 111111111110011010001010
53 3 111111111110101011111010
53 4 111111111101000111010101
53 5 111111111111110011110100
53 6 000000000001000100101011
53 7 111111111001001011101100
53 8 111111111111110100110101
53 9 111111111010111101111100
54 0 111111111101000101011111
54 1 111111111010111111000000
54 2 111111111110011010111110
54 3 111111111110101011110100
54 4 111111111101000110101110
54 5 111111111111110001110110
54 6 000000000001001010110001
54 7 111111111001000101000000
54 8 111111111111101100111111
54 9 111111111010110011010000
55 0 111111111100111111000011
55 1 111111111010110111010011
55 2 111111111110011011001111
55 3 111111111110101100110100
55 4 111111111101000101100100
55 5 111111111111110100010110
55 6 000000000001010001010100
55 7 111111111000111100001100
55 8 111111111111100100101111
55 9 111111111010101001011010
56 0 111111111100111100101000
56 1 111111111010110000100001
56 2 111111111110011010000110
56 3 111111111110100110100010
56 4 111111111101000100011001
56 5 111111111111110011111101
56 6 000000000001011010111111
56 7 111111111000110100001110
56 8 111111111111100000001011
56 9 111111111010011110010110
57 0 111111111100111001111001
57 1 111111111010100111111000
57 2 111111111110011001111111
57 3 111111111110100000100111
57 4 111111111101000011010101
57 5 111111111111110011011110
57 6 000000000001100010010001
57 7 111111111000101100110100
57 8 111111111111011011100101
57 9 111111111010010101000010
58 0 111111111100110101100110
58 1 111111111010100011000011
58 2 111111111110011000000110
58 3 111111111110100000111011
58 4 111111111101000011010001
58 5 111111111111110100000111
58 6 000000000001101001110111
58 7 111111111000100100101111
58 8 111111111111010010010011
58 9 111111111010001100000100
59 0 111111111100101110011000
59 1 111111111010011100001001
59 2 111111111110010111110011
59 3 111111111110100000011100
59 4 111111111101000001010011
59 5 111111111111110110001001
59 6 000000000001110001011101
59 7 111111111000011101010011
59 8 111111111111001100110101
59 9 111111111010000000111101
60 0 111111111100101001110111
60 1 111111111010010110100111
60 2 111111111110011000100110
60 3 111111111110011011110101
60 4 111111111101000000101101
60 5 111111111111110010010011
60 6 000000000001111010000101
60 7 111111111000011000110100
60 8 111111111111001001101010
60 9 111111111001110110000101
61 0 111111111100100111001001
61 1 111111111010010010010001
61 2 111111111110011101011111
61 3 111111111110100000010111
61 4 111111111101000000100101
61 5 111111111111110001111100
61 6 000000000001111010010001
61 7 111111111000010010001101
61 8 111111111111000101010010
61 9 111111111001101100000000
62 0 111111111100100001111100
62 1 111111111010010100001111
62 2 111111111110011000101111
62 3 111111111110010110111100
62 4 111111111101000010101001
62 5 111111111111110010100101
62 6 000000000010000110010101
62 7 111111111000001010001000
62 8 111111111111000001101011
62 9 111111111001100100001101
63 0 111111111100011110101110
63 1 111111111010001111010100
63 2 111111111110010110011011
63 3 111111111110001111000100
63 4 111111111101000000110100
63 5 111111111111110001101110
63 6 000000000010010001110111
63 7 111111111000000100100111
63 8 111111111110111101111110
63 9 111111111001011001001010
64 0 111111111100011011111111
64 1 111111111010001000000100
64 2 111111111110010101101000
64 3 111111111110001001100000
64 4 111111111101000000000100
64 5 111111111111110011110100
64 6 000000000010011010111101
64 7 111111110111111100010110
64 8 111111111110111100110100
64 9 111111111001010001110101
65 0 111111111100010110101000
65 1 111111111010001000101001
65 2 111111111110010101000111
65 3 111111111110000010001011
65 4 111111111100111110010001
65 5 111111111111101110011000
65 6 000000000010100110100010
65 7 111111110111110110000010
65 8 111111111110111010010101
65 9 111111111001001001101000
66 0 111111111100010001110111
66 1 111111111010000100110101
66 2 111111111110010110010100
66 3 111111111101111101001100
66 4 111111111100111100111010
66 5 111111111111100111110001
66 6 000000000010110001011000
66 7 111111110111110001011101
66 8 111111111110110111101101
66 9 111111111000111111001010
67 0 111111111100001100111011
67 1 111111111010000100000000
67 2 111111111110010110010100
67 3 111111111101110100011010
67 4 111111111100111100010111
67 5 111111111111100100001011
67 6 000000000010111001101010
67 7 111111110111101111001111
67 8 111111111110110100100001
67 9 111111111000110110101100
68 0 111111111100001001011111
68 1 111111111010000011000001
68 2 111111111110010100110001
68 3 111111111101101110001000
68 4 111111111100111000100000
68 5 111111111111100001001011
68 6 000000000011000010101111
68 7 111111110111101101000101
68 8 111111111110110000101010
68 9 111111111000110010101100
69 0 111111111100000111010111
69 1 111111111010000000101111
69 2 111111111110010100110000
69 3 111111111101101001001101
69 4 111111111100111011010010
69 5 111111111111011011010010
69 6 000000000011001001000110
69 7 111111110111101011101110
69 8 111111111110101110110111
69 9 111111111000110001001110
70 0 111111111011111111011011
70 1 111111111010000010011010
70 2 111111111110010010000110
70 3 111111111101100101010100
70 4 111111111100111011100111
70 5 111111111111011001110100
70 6 000000000011010001001111
70 7 111111110111100011011001
70 8 111111111110101111000000
70 9 111111111000101100011010
71 0 111111111011111011111110
71 1 111111111010000000010111
71 2 111111111110001111111010
71 3 111111111101011100101111
71 4 111111111100111011001111
71 5 111111111111011001101001
71 6 000000000011011000100000
71 7 111111110111011101100111
71 8 111111111110101101011111
71 9 111111111000101000011001
72 0 111111111011111101100100
72 1 111111111001111111010001
72 2 111111111110010000101001
72 3 111111111101011000000011
72 4 111111111100110110100100
72 5 111111111111011001100011
72 6 000000000011100100000100
72 7 111111110111011001001000
72 8 111111111110100011100000
72 9 111111111000100100011001
73 0 111111111011111010001011
73 1 111111111001111110000100
73 2 111111111110001110001010
73 3 111111111101010000010100
73 4 111111111100110100001111
73 5 111111111111011001111000
73 6 000000000011101110001101
73 7 111111110111010011110010
73 8 111111111110011110011011
73 9 111111111000011100101001
74 0 111111111011111011000010
74 1 111111111001111110100110
74 2 111111111110001100001101
74 3 111111111101001110101000
74 4 111111111100110001100010
74 5 111111111111011001100001
74 6 000000000011111000001001
74 7 111111110111001110110110
74 8 111111111110011010011101
74 9 111111111000010010111110
75 0 111111111011111000100100
75 1 111111111001111010110000
75 2 111111111110001000110011
75 3 111111111101001110010110
75 4 111111111100101100101000
75 5 111111111111011101101011
75 6 000000000011111101110010
75 7 111111110111001100011110
75 8 111111111110010101111011
75 9 111111111000001010111100
76 0 111111111011110110100110
76 1 111111111001111001001100
76 2 111111111110001010010000
76 3 111111111101001100100100
76 4 111111111100100110010100
76 5 111111111111010110111001
76 6 000000000100000011010110
76 7 111111110111001101001101
76 8 111111111110010100001100
76 9 111111111000000000011011
77 0 111111111011110100001100
77 1 111111111001110110010100
77 2 111111111110000111001001
77 3 111111111101001011100000
77 4 111111111100100001001101
77 5 111111111111010110101011
77 6 000000000100001011101111
77 7 111111110111001000101101
77 8 111111111110010001111000
77 9 111111110111110111010011
78 0 111111111011110001010110
78 1 111111111001101111110110
78 2 111111111110000001000001
78 3 111111111101001110001110
78 4 111111111100011011101101
78 5 111111111111011001010100
78 6 000000000100001100011010
78 7 111111110111000010111001
78 8 111111111110010001001100
78 9 111111110111101101101110
79 0 111111111011110010011001
79 1 111111111001100111111011
79 2 111111111101111101001101
79 3 111111111101001010100100
79 4 111111111100010110010000
79 5 111111111111011010101001
79 6 000000000100010011010100
79 7 111111110110111100000000
79 8 111111111110010001101110
79 9 111111110111100011000011
80 0 111111111011110000010011
80 1 111111111001100001000101
80 2 111111111101111000100101
80 3 111111111101001011011010
80 4 111111111100001111110111
80 5 111111111111011111001000
80 6 000000000100010111001000
80 7 111111110110110110100000
80 8 111111111110001111111010
80 9 111111110111011000110101
81 0 111111111011101100010000
81 1 111111111001011010010011
81 2 111111111101110100000100
81 3 111111111101000111111111
81 4 111111111100001110011011
81 5 111111111111100011111001
81 6 000000000100011010110101
81 7 111111110110101010101110
81 8 111111111110010001001010
81 9 111111110111010011010100
82 0 111111111011101000010100
82 1 111111111001010010110101
82 2 111111111101101111110001
82 3 111111111101000001000000
82 4 111111111100001100011110
82 5 111111111111100110010001
82 6 000000000100011111011000
82 7 111111110110100010111000
82 8 111111111110010001110101
82 9 111111110111001011010010
83 0 111111111011100000101110
83 1 111111111001001010111001
83 2 111111111101101100100111
83 3 111111111100111100100011
83 4 111111111100001011101101
83 5 111111111111101001001000
83 6 000000000100100011111011
83 7 111111110110010111010111
83 8 111111111110010011011100
83 9 111111110111000110101100
84 0 111111111011011001000100
84 1 111111111001000010010101
84 2 111111111101101000100101
84 3 111111111100111000100011
84 4 111111111100001011010110
84 5 111111111111101100010000
84 6 000000000100100111101110
84 7 111111110110001011110111
84 8 111111111110010000101100
84 9 111111110111000011101001
85 0 111111111011011000001110
85 1 111111111000110110000011
85 2 111111111101100101111111
85 3 111111111100110010011110
85 4 111111111100001001001001
85 5 111111111111101110001110
85 6 000000000100101010001100
85 7 111111110110000011110010
85 8 111111111110010000000100
85 9 111111110111000100000011
86 0 111111111011010011010001
86 1 111111111000101100000000
86 2 111111111101011110110101
86 3 111111111100101101100010
86 4 111111111100001000010100
86 5 111111111111101110110100
86 6 000000000100101111101111
86 7 111111110101111100111000
86 8 111111111110001110001100
86 9 111111110111000100010001
87 0 111111111011001111011011
87 1 111111111000100110010000
87 2 111111111101011110100111
87 3 111111111100100110010100
87 4 111111111100001000011100
87 5 111111111111101010011010
87 6 000000000100110101001010
87 7 111111110101110101111110
87 8 111111111110001100110000
87 9 111111110110111111100100
88 0 111111111011001101001100
88 1 111111111000011011000101
88 2 111111111101011011011001
88 3 111111111100011110010010
88 4 111111111100000110001011
88 5 111111111111101000001111
88 6 000000000100111011010010
88 7 111111110101110010010011
88 8 111111111110001101000100
88 9 111111110110111110000111
89 0 111111111011001001001011
89 1 111111111000010010101111
89 2 111111111101011000110000
89 3 111111111100010111111101
89 4 111111111100000010111111
89 5 111111111111100111010101
89 6 000000000101000000001000
89 7 111111110101101111001111
89 8 111111111110001100011010
89 9 111111110110111001101001
90 0 111111111011000100000000
90 1 111111111000001011110111
90 2 111111111101011000000110
90 3 111111111100010001101100
90 4 111111111100000010111100
90 5 111111111111100010000110
90 6 000000000101000101100100
90 7 111111110101101100000100
90 8 111111111110001101010111
90 9 111111110110111010110010
91 0 111111111010111110001111
91 1 111111111000000101001010
91 2 111111111101010100001001
91 3 111111111100001100011110
91 4 111111111100000000100110
91 5 111111111111100001110001
91 6 000000000101001101111000
91 7 111111110101100111110001
91 8 111111111110001101000101
91 9 111111110110110110101001
92 0 111111111010110111010000
92 1 111111110111111111100111
92 2 111111111101001110110101
92 3 111111111100000011001011
92 4 111111111100000100010111
92 5 111111111111011100101100
92 6 000000000101010100101010
92 7 111111110101100100111001
92 8 111111111110000111101100
92 9 111111110110111001001000
93 0 111111111010110010001001
93 1 111111110111111001001000
93 2 111111111101001011110010
93 3 111111111100000001001011
93 4 111111111100000111110111
93 5 111111111111011010001110
93 6 000000000101010101101000
93 7 111111110101011111001110
93 8 111111111110001010111100
93 9 111111110110111100010100
94 0 111111111010101100110010
94 1 111111110111110001110101
94 2 111111111101001010010000
94 3 111111111011111000001101
94 4 111111111100001001101110
94 5 111111111111010100101110
94 6 000000000101011001101000
94 7 111111110101011101110000
94 8 111111111110001010010101
94 9 111111110110111110111010
95 0 111111111010101000100001
95 1 111111110111101010111110
95 2 111111111101001011110011
95 3 111111111011110111011111
95 4 111111111100000110010000
95 5 111111111111001110001101
95 6 000000000101011110000101
95 7 111111110101011100010001
95 8 111111111110000111101110
95 9 111111110110111101011011
96 0 111111111010100001010110
96 1 111111110111100111110110
96 2 111111111101001010110011
96 3 111111111011101111011100
96 4 111111111100001000000000
96 5 111111111111000111111001
96 6 000000000101011101010101
96 7 111111110101011100010101
96 8 111111111110000111010001
96 9 111111110111000011001010
97 0 111111111010011011010011
97 1 111111110111100100010010
97 2 111111111101001001000100
97 3 111111111011100111011111
97 4 111111111100001001011110
97 5 111111111111000101100111
97 6 000000000101100001100111
97 7 111111110101011100110001
97 8 111111111110000001111101
97 9 111111110111000010010101
98 0 111111111010011010110111
98 1 111111110111100011101011
98 2 111111111101000111010010
98 3 111111111011100011011010
98 4 111111111100000111010010
98 5 111111111111000011010100
98 6 000000000101100011011101
98 7 111111110101011110100010
98 8 111111111101111110110110
98 9 111111110111000000011010
99 0 111111111010011011100010
99 1 111111110111100010000101
99 2 111111111101000100001010
99 3 111111111011011100110001
99 4 111111111100000011111110
99 5 111111111111000001011010
99 6 000000000101101000011111
99 7 111111110101100001111110
99 8 111111111110000001101011
99 9 111111110110111101100110
100 0 111111111010011111011101
100 1 111111110111011100010000
100 2 111111111100111111100010
100 3 111111111011011110001101
100 4 111111111011111111111001
100 5 111111111111000011110011
100 6 000000000101101011011101
100 7 111111110101100110101001
100 8 111111111101111011101110
100 9 111111110110111100110011
101 0 111111111010100000010011
101 1 111111110111011100011010
101 2 111111111100111100101101
101 3 111111111011100000011110
101 4 111111111100000000100000
101 5 111111111111000101010101
101 6 000000000101101100110010
101 7 111111110101101000110100
101 8 111111111101111010100110
101 9 111111110110111101111011
