0 0 000000000000000000000000
0 1 000000000000000000000000
0 2 000000000000000000000000
0 3 000000000000000000000000
0 4 000000000000000000000000
0 5 000000000000000000000000
0 6 000000000000000000000000
0 7 000000000000000000000000
0 8 000000000000000000000000
0 9 000000000000000000000000
1 0 000000000000000000000000
1 1 000000000000000000000000
1 2 000000000000000000000000
1 3 000000000000000000000000
1 4 000000000000000000000000
1 5 000000000000000000000000
1 6 000000000000000000000000
1 7 000000000000000000000000
1 8 000000000000000000000000
1 9 000000000000000000000000
2 0 111111111111111011111011
2 1 111111111111111100111110
2 2 111111111111111000101101
2 3 111111111111111010101001
2 4 111111111111110111010110
2 5 000000000000000001010101
2 6 111111111111111000001101
2 7 111111111111111111101101
2 8 111111111111110001001011
2 9 111111111111110110101000
3 0 111111111111110101011000
3 1 111111111111111111101101
3 2 111111111111110101100110
3 3 111111111111110101101111
3 4 111111111111110100101111
3 5 111111111111111010110000
3 6 111111111111101111010011
3 7 111111111111110111111111
3 8 111111111111110001111000
3 9 111111111111110000100000
4 0 111111111111110010010010
4 1 000000000000000010001110
4 2 111111111111101011101011
4 3 111111111111110000111001
4 4 111111111111101110110111
4 5 111111111111111001100100
4 6 111111111111101001000000
4 7 111111111111110101110101
4 8 111111111111110001001101
4 9 111111111111100111111111
5 0 111111111111110001100100
5 1 111111111111111111001010
5 2 111111111111101000010010
5 3 111111111111110111101101
5 4 111111111111100101011011
5 5 111111111111110110001001
5 6 111111111111100101000000
5 7 111111111111101111011111
5 8 111111111111101011110100
5 9 111111111111100000010001
6 0 111111111111101001101101
6 1 000000000000000001111001
6 2 111111111111100000111101
6 3 111111111111110111110001
6 4 111111111111100001011100
6 5 111111111111110100100011
6 6 111111111111011111111110
6 7 111111111111101111101110
6 8 111111111111100010100110
6 9 111111111111011000001110
7 0 111111111111100010000111
7 1 000000000000000000001101
7 2 111111111111011010000110
7 3 111111111111110110110011
7 4 111111111111011100000001
7 5 111111111111101100011010
7 6 111111111111011001000111
7 7 111111111111101100011010
7 8 111111111111100100011101
7 9 111111111111010101011100
8 0 111111111111011100101001
8 1 000000000000000001111110
8 2 111111111111010010101110
8 3 111111111111110110010000
8 4 111111111111010011001011
8 5 111111111111100101101111
8 6 111111111111010011111100
8 7 111111111111101110010110
8 8 111111111111100101010001
8 9 111111111111001110110111
9 0 111111111111010110101001
9 1 111111111111111110100000
9 2 111111111111001110010111
9 3 111111111111110011110101
9 4 111111111111001101100001
9 5 111111111111011110000011
9 6 111111111111010000011011
9 7 111111111111101110110000
9 8 111111111111100100100000
9 9 111111111111001011001010
10 0 111111111111010000110001
10 1 111111111111111000110111
10 2 111111111111001000100011
10 3 111111111111110111000001
10 4 111111111111000110010011
10 5 111111111111011010110101
10 6 111111111111001101111001
10 7 111111111111101011101000
10 8 111111111111100101100111
10 9 111111111111000100110100
11 0 111111111111001010000010
11 1 111111111111110100111101
11 2 111111111111000000111001
11 3 111111111111111001001000
11 4 111111111110111101101011
11 5 111111111111011111111100
11 6 111111111111001100000110
11 7 111111111111100100000101
11 8 111111111111101001110100
11 9 111111111110111100111000
12 0 111111111111000001111010
12 1 111111111111110000001011
12 2 111111111110110111110001
12 3 111111111111110111011101
12 4 111111111110110111000010
12 5 111111111111011100110101
12 6 111111111111001010101101
12 7 111111111111100001101101
12 8 111111111111101011101100
12 9 111111111110110111010110
13 0 111111111110111001111001
13 1 111111111111100110010011
13 2 111111111110110010000101
13 3 111111111111111011000011
13 4 111111111110101110110011
13 5 111111111111011011111011
13 6 111111111111000100110011
13 7 111111111111011010000111
13 8 111111111111101110101011
13 9 111111111110110001011100
14 0 111111111110110000010111
14 1 111111111111011110101100
14 2 111111111110101101000111
14 3 111111111111111010001010
14 4 111111111110100101100101
14 5 111111111111011100001110
14 6 111111111110111110010101
14 7 111111111111010001011001
14 8 111111111111110111111001
14 9 111111111110110001100001
15 0 111111111110101010000111
15 1 111111111111010011111111
15 2 111111111110101001101001
15 3 111111111111110111110010
15 4 111111111110100000011001
15 5 111111111111100000110001
15 6 111111111110111010011010
15 7 111111111111000101010111
15 8 000000000000000001110111
15 9 111111111110101110011000
16 0 111111111110100010011001
16 1 111111111111001011010001
16 2 111111111110100111110010
16 3 111111111111110100000001
16 4 111111111110011011011110
16 5 111111111111100001110101
16 6 111111111110110010111001
16 7 111111111110111010011000
16 8 000000000000001011011111
16 9 111111111110101111011100
17 0 111111111110011011000000
17 1 111111111111000000011111
17 2 111111111110100100001010
17 3 111111111111110000010000
17 4 111111111110010110111101
17 5 111111111111100100100111
17 6 111111111110101110001101
17 7 111111111110101110110111
17 8 000000000000010111000101
17 9 111111111110101101100011
18 0 111111111110010001111001
18 1 111111111110110111011011
18 2 111111111110100000100000
18 3 111111111111101110001110
18 4 111111111110010000001100
18 5 111111111111100110100101
18 6 111111111110100110111100
18 7 111111111110100100010001
18 8 000000000000100001100100
18 9 111111111110101100111011
19 0 111111111110001100001100
19 1 111111111110101010010100
19 2 111111111110011010010010
19 3 111111111111101001001010
19 4 111111111110001101010000
19 5 111111111111100010110010
19 6 111111111110011111100001
19 7 111111111110011010001011
19 8 000000000000101100100110
19 9 111111111110110011100011
20 0 111111111110000011111110
20 1 111111111110011100010101
20 2 111111111110010100100101
20 3 111111111111100110000000
20 4 111111111110001101010000
20 5 111111111111011110011010
20 6 111111111110010010111101
20 7 111111111110010001110110
20 8 000000000000110001010110
20 9 111111111110111100011100
21 0 111111111101111100010010
21 1 111111111110010010010011
21 2 111111111110001100001110
21 3 111111111111100010110100
21 4 111111111110001000011011
21 5 111111111111011001010001
21 6 111111111110000110110011
21 7 111111111110001101100101
21 8 000000000000111001001001
21 9 111111111111000001010100
22 0 111111111101110011101101
22 1 111111111110000110111111
22 2 111111111110001001010011
22 3 111111111111011101011110
22 4 111111111110000101001110
22 5 111111111111010011101011
22 6 111111111101111011011001
22 7 111111111110000111001111
22 8 000000000001000000001110
22 9 111111111111000110111000
23 0 111111111101100110001001
23 1 111111111101111111111010
23 2 111111111110000011011000
23 3 111111111111011010010010
23 4 111111111110000101110000
23 5 111111111111001101101010
23 6 111111111101101101111010
23 7 111111111110000100011100
23 8 000000000001000101010111
23 9 111111111111001010010110
24 0 111111111101011001101100
24 1 111111111101111010101000
24 2 111111111101111100010110
24 3 111111111111011011100001
24 4 111111111110000010101111
24 5 111111111111001001110000
24 6 111111111101100010011010
24 7 111111111110000010010011
24 8 000000000001001001111000
24 9 111111111111001010100110
25 0 111111111101010010110001
25 1 111111111101111000101001
25 2 111111111101110010101010
25 3 111111111111011010100100
25 4 111111111101111110100001
25 5 111111111111000001011111
25 6 111111111101011100010000
25 7 111111111110000010101100
25 8 000000000001010000001000
25 9 111111111111001011100101
26 0 111111111101001000111011
26 1 111111111101110010011011
26 2 111111111101101101111001
26 3 111111111111010110101111
26 4 111111111110000010111011
26 5 111111111110111000000110
26 6 111111111101010011001100
26 7 111111111110000010110101
26 8 000000000001010001001000
26 9 111111111111001111111101
27 0 111111111100111111010110
27 1 111111111101101110101111
27 2 111111111101101010100000
27 3 111111111111010001100110
27 4 111111111110000011010111
27 5 111111111110110001001010
27 6 111111111101001100111010
27 7 111111111110000001010010
27 8 000000000001001110101000
27 9 111111111111010001101010
28 0 111111111100110100001000
28 1 111111111101101111100110
28 2 111111111101100001011010
28 3 111111111111010100010110
28 4 111111111110000000111010
28 5 111111111110110001011010
28 6 111111111101000100101100
28 7 111111111101111111011111
28 8 000000000001001110010100
28 9 111111111111010100011101
29 0 111111111100110101001000
29 1 111111111101100111111100
29 2 111111111101011110010010
29 3 111111111111010011101101
29 4 111111111101111001001001
29 5 111111111110110110101000
29 6 111111111101000011011001
29 7 111111111101111100001111
29 8 000000000001010001011011
29 9 111111111111010101010000
30 0 111111111100111001101100
30 1 111111111101100000100111
30 2 111111111101011001001011
30 3 111111111111010011111011
30 4 111111111101111000110000
30 5 111111111110110111011000
30 6 111111111101000011101101
30 7 111111111101111001111101
30 8 000000000001010001111010
30 9 111111111111010100100010
31 0 111111111100110110011000
31 1 111111111101011011001111
31 2 111111111101010001111011
31 3 111111111111001011110111
31 4 111111111101110001110011
31 5 111111111110110110100101
31 6 111111111100111011111110
31 7 111111111101110110111010
31 8 000000000001010011000101
31 9 111111111111011000100001
32 0 111111111100110000011011
32 1 111111111101010101010111
32 2 111111111101001101000110
32 3 111111111111001010000000
32 4 111111111101101000111010
32 5 111111111110110011111000
32 6 111111111100110011110111
32 7 111111111101111001011101
32 8 000000000001010001101010
32 9 111111111111011000001110
33 0 111111111100101010011010
33 1 111111111101010110111110
33 2 111111111101001010000001
33 3 111111111111000111111111
33 4 111111111101100100100100
33 5 111111111110101010000000
33 6 111111111100101001111100
33 7 111111111101111101000100
33 8 000000000001010110000111
33 9 111111111111010101101101
34 0 111111111100100110001101
34 1 111111111101001111000001
34 2 111111111101001001101101
34 3 111111111111001001011001
34 4 111111111101011001011101
34 5 111111111110101010000011
34 6 111111111100100111011101
34 7 111111111101110101111001
34 8 000000000001011110010000
34 9 111111111111010010100000
35 0 111111111100100011101110
35 1 111111111101000111000111
35 2 111111111101001001111100
35 3 111111111111001010001101
35 4 111111111101011010010101
35 5 111111111110100110000011
35 6 111111111100100011100101
35 7 111111111101110000110100
35 8 000000000001100010010000
35 9 111111111111010000000010
36 0 111111111100100010100101
36 1 111111111100111111010111
36 2 111111111101001111110000
36 3 111111111111001010011101
36 4 111111111101011000010001
36 5 111111111110011101010110
36 6 111111111100100000010000
36 7 111111111101101010111100
36 8 000000000001101000010100
36 9 111111111111001011011001
37 0 111111111100100111011100
37 1 111111111100111010000000
37 2 111111111101000111011110
37 3 111111111111000011101101
37 4 111111111101010010110000
37 5 111111111110011101000111
37 6 111111111100100001100010
37 7 111111111101100100010101
37 8 000000000001101110001100
37 9 111111111111001011111100
38 0 111111111100100110101000
38 1 111111111100110100110000
38 2 111111111101000111100110
38 3 111111111111000001000000
38 4 111111111101001111111011
38 5 111111111110011100101110
38 6 111111111100100011000100
38 7 111111111101011100100100
38 8 000000000001110011101101
38 9 111111111111001000100000
39 0 111111111100100001111101
39 1 111111111100101010111111
39 2 111111111101001010101100
39 3 111111111111000000111001
39 4 111111111101001100011110
39 5 111111111110010100101110
39 6 111111111100011101110001
39 7 111111111101011001000010
39 8 000000000001111001101010
39 9 111111111111000100100000
40 0 111111111100100111010110
40 1 111111111100100010001111
40 2 111111111101001101010101
40 3 111111111111000011110100
40 4 111111111101000001111100
40 5 111111111110001111111101
40 6 111111111100011000000100
40 7 111111111101011000010110
40 8 000000000001111101000100
40 9 111111111110111110100011
41 0 111111111100011111101011
41 1 111111111100010111000000
41 2 111111111101001110000110
41 3 111111111111000001110001
41 4 111111111101000011000010
41 5 111111111110001111111111
41 6 111111111100010010111000
41 7 111111111101001101001110
41 8 000000000001111101100000
41 9 111111111111000001101001
42 0 111111111100100000110001
42 1 111111111100001100101101
42 2 111111111101010001011111
42 3 111111111110111110100001
42 4 111111111100111111000111
42 5 111111111110000110111101
42 6 111111111100001011011101
42 7 111111111101000111100101
42 8 000000000001111110010011
42 9 111111111111000001011111
43 0 111111111100100001110001
43 1 111111111100001001110111
43 2 111111111101010000110011
43 3 111111111110111100011101
43 4 111111111100111011011010
43 5 111111111101111100101000
43 6 111111111100000110001011
43 7 111111111101000011001001
43 8 000000000010000101110110
43 9 111111111110111111100110
44 0 111111111100100111111100
44 1 111111111100000001010000
44 2 111111111101001100001111
44 3 111111111110111011100001
44 4 111111111100110110100111
44 5 111111111101111110000101
44 6 111111111100000101001101
44 7 111111111100111011100001
44 8 000000000010001000100010
44 9 111111111110111111100111
45 0 111111111100100100000010
45 1 111111111011111011110011
45 2 111111111101001001100011
45 3 111111111110111011010001
45 4 111111111100101100110101
45 5 111111111101111110100000
45 6 111111111100000010000101
45 7 111111111100110100001001
45 8 000000000010001110101010
45 9 111111111110111011101110
46 0 111111111100100000101010
46 1 111111111011110111011001
46 2 111111111101000100100010
46 3 111111111110111010110101
46 4 111111111100100011001011
46 5 111111111101111101100101
46 6 111111111011111100111100
46 7 111111111100101010110100
46 8 000000000010010110011101
46 9 111111111110111010000111
47 0 111111111100011100101001
47 1 111111111011110011001001
47 2 111111111100111101100111
47 3 111111111110111011000010
47 4 111111111100011011001100
47 5 111111111110000000000110
47 6 111111111011110101001010
47 7 111111111100100011100110
47 8 000000000010011101111011
47 9 111111111110111001011101
48 0 111111111100010111110011
48 1 111111111011101111000001
48 2 111111111100110111000001
48 3 111111111110111101001100
48 4 111111111100010100011001
48 5 111111111110000100100111
48 6 111111111011110000111011
48 7 111111111100011100001100
48 8 000000000010100101011101
48 9 111111111110110100110011
49 0 111111111100010100001101
49 1 111111111011101001110001
49 2 111111111100110010101010
49 3 111111111111000000001011
49 4 111111111100001110110110
49 5 111111111110000111001101
49 6 111111111011101101000101
49 7 111111111100010100001111
49 8 000000000010101100011101
49 9 111111111110101110010111
50 0 111111111100001111110100
50 1 111111111011100110100110
50 2 111111111100101101000010
50 3 111111111110111111110000
50 4 111111111100001001001010
50 5 111111111110001001100001
50 6 111111111011101010111110
50 7 111111111100000111010011
50 8 000000000010110011101111
50 9 111111111110101011100110
51 0 111111111100000111001110
51 1 111111111011100001011011
51 2 111111111100100101100000
51 3 111111111110111111110010
51 4 111111111100000111000110
51 5 111111111110001001110011
51 6 111111111011100100010011
51 7 111111111011111100101011
51 8 000000000010111001000011
51 9 111111111110101111001101
52 0 111111111011111000110001
52 1 111111111011100010001100
52 2 111111111100011100110110
52 3 111111111110111111110001
52 4 111111111100000111011001
52 5 111111111110001010011000
52 6 111111111011100000000000
52 7 111111111011110110000010
52 8 000000000010111001011110
52 9 111111111110110010011000
53 0 111111111011101101110010
53 1 111111111011100011001110
53 2 111111111100010100111001
53 3 111111111110111011000001
53 4 111111111100001000010110
53 5 111111111110000101000101
53 6 111111111011011001101010
53 7 111111111011101101101011
53 8 000000000010111100010000
53 9 111111111110110111100000
54 0 111111111011100001111000
54 1 111111111011100010000110
54 2 111111111100010000001001
54 3 111111111110110111000110
54 4 111111111100001001110110
54 5 111111111101111110101011
54 6 111111111011010000010000
54 7 111111111011100110111001
54 8 000000000011000011011100
54 9 111111111110111010011100
55 0 111111111011010111100001
55 1 111111111011100000110110
55 2 111111111100000111110001
55 3 111111111110110011001000
55 4 111111111100001011100111
55 5 111111111101111011001011
55 6 111111111011001001111100
55 7 111111111011100001011101
55 8 000000000011001011000001
55 9 111111111110111011001100
56 0 111111111011010000000101
56 1 111111111011011011010000
56 2 111111111100000001001001
56 3 111111111110110000111110
56 4 111111111100001101110010
56 5 111111111101111001101100
56 6 111111111011000100100011
56 7 111111111011010111101110
56 8 000000000011010000101110
56 9 111111111110111100111100
57 0 111111111011001000111100
57 1 111111111011010101000110
57 2 111111111011111110100010
57 3 111111111110101111100000
57 4 111111111100001110011010
57 5 111111111101101111100001
57 6 111111111010111101111110
57 7 111111111011001110101111
57 8 000000000011011000010010
57 9 111111111110111100101010
58 0 111111111011000001010110
58 1 111111111011001111010111
58 2 111111111011111000000011
58 3 111111111110110000001111
58 4 111111111100010000000001
58 5 111111111101101010010010
58 6 111111111010110111111111
58 7 111111111011000101000011
58 8 000000000011011011100111
58 9 111111111110111111101000
59 0 111111111010111011000011
59 1 111111111011001100001010
59 2 111111111011101111101101
59 3 111111111110101100001010
59 4 111111111100001110011110
59 5 111111111101100100010000
59 6 111111111010110010011100
59 7 111111111010111110100101
59 8 000000000011011111100111
59 9 111111111111000100011100
60 0 111111111010110110010100
60 1 111111111011000101101010
60 2 111111111011110010001111
60 3 111111111110101110011010
60 4 111111111100001100010000
60 5 111111111101011001101100
60 6 111111111010101000111001
60 7 111111111011000001010010
60 8 000000000011100000111100
60 9 111111111111000001000110
61 0 111111111010101111100100
61 1 111111111011000100110010
61 2 111111111011101110010110
61 3 111111111110101001111011
61 4 111111111100001010010000
61 5 111111111101010011101011
61 6 111111111010100011000111
61 7 111111111010111010110111
61 8 000000000011101000001001
61 9 111111111110111100111110
62 0 111111111010101111100010
62 1 111111111010111110100101
62 2 111111111011110000000101
62 3 111111111110101001101010
62 4 111111111100001001111100
62 5 111111111101010001010001
62 6 111111111010011100111000
62 7 111111111010111000011001
62 8 000000000011101010110100
62 9 111111111110110100110101
63 0 111111111010101110000100
63 1 111111111010111111111100
63 2 111111111011101100111111
63 3 111111111110100100001101
63 4 111111111100001001110000
63 5 111111111101001110011010
63 6 111111111010011111111001
63 7 111111111010110001001000
63 8 000000000011101010111001
63 9 111111111110110001100110
64 0 111111111010101100110000
64 1 111111111011000010110000
64 2 111111111011101100101101
64 3 111111111110100101110011
64 4 111111111100001001001011
64 5 111111111101001011110110
64 6 111111111010011110001001
64 7 111111111010101110010001
64 8 000000000011100111101010
64 9 111111111110101101110001
65 0 111111111010100010111001
65 1 111111111011000101100100
65 2 111111111011110010000001
65 3 111111111110101000100100
65 4 111111111100001011110010
65 5 111111111101000100111110
65 6 111111111010011011101011
65 7 111111111010101010011110
65 8 000000000011101011100101
65 9 111111111110101100001110
66 0 111111111010100011111101
66 1 111111111011000001000011
66 2 111111111011110100010001
66 3 111111111110100110101100
66 4 111111111100001001001001
66 5 111111111101000001001010
66 6 111111111010011000000000
66 7 111111111010100000010101
66 8 000000000011110001101111
66 9 111111111110101101010110
67 0 111111111010011101111010
67 1 111111111010111110111001
67 2 111111111011110100011010
67 3 111111111110100110100101
67 4 111111111100000100000001
67 5 111111111100111101000101
67 6 111111111010010110110000
67 7 111111111010011111100100
67 8 000000000011110110100001
67 9 111111111110100110010011
68 0 111111111010011110100000
68 1 111111111011000010010010
68 2 111111111011110100011101
68 3 111111111110011111110110
68 4 111111111100000011100101
68 5 111111111100110111110000
68 6 111111111010011000111111
68 7 111111111010011011100100
68 8 000000000011110111100100
68 9 111111111110100011100010
69 0 111111111010011101010100
69 1 111111111011000010011011
69 2 111111111011111011100110
69 3 111111111110011110010100
69 4 111111111100000000111110
69 5 111111111100110001111011
69 6 111111111010010010110001
69 7 111111111010010111001101
69 8 000000000011110111101111
69 9 111111111110011111000010
70 0 111111111010011101110111
70 1 111111111010111110010011
70 2 111111111011111101101000
70 3 111111111110011110011100
70 4 111111111100000001110101
70 5 111111111100101100010001
70 6 111111111010010110011101
70 7 111111111010010110000111
70 8 000000000011111010000001
70 9 111111111110010111110100
71 0 111111111010010011110110
71 1 111111111010111100101100
71 2 111111111011111011010011
71 3 111111111110011110100110
71 4 111111111100000001010010
71 5 111111111100100111110111
71 6 111111111010011000001110
71 7 111111111010010110010010
71 8 000000000011111100011010
71 9 111111111110001110101101
72 0 111111111010001101100001
72 1 111111111010111011000111
72 2 111111111011111101100110
72 3 111111111110100011001111
72 4 111111111100000100100110
72 5 111111111100100001001001
72 6 111111111010010100101000
72 7 111111111010010010111011
72 8 000000000011111101010100
72 9 111111111110001101000110
73 0 111111111010001010111000
73 1 111111111010110110011010
73 2 111111111100000001011111
73 3 111111111110100000001011
73 4 111111111100000100011011
73 5 111111111100011110100011
73 6 111111111010010001011101
73 7 111111111010010000011001
73 8 000000000100000000010011
73 9 111111111110001101111110
74 0 111111111010000100101100
74 1 111111111010110101001001
74 2 111111111011111101101100
74 3 111111111110010111110110
74 4 111111111100000101111111
74 5 111111111100011101111100
74 6 111111111010010101111000
74 7 111111111010001100110110
74 8 000000000100000101110000
74 9 111111111110001001101000
75 0 111111111010000001010101
75 1 111111111010101001000010
75 2 111111111011111011100111
75 3 111111111110010110111010
75 4 111111111100000010100101
75 5 111111111100100011100000
75 6 111111111010010100100000
75 7 111111111010001000110010
75 8 000000000100000111011110
75 9 111111111110001010001100
76 0 111111111010000001010001
76 1 111111111010100011000010
76 2 111111111011111000110010
76 3 111111111110010011110011
76 4 111111111100000100110110
76 5 111111111100011101011111
76 6 111111111010010011001010
76 7 111111111010000111111011
76 8 000000000100000111001010
76 9 111111111110000101010100
77 0 111111111010000001011001
77 1 111111111010100001100110
77 2 111111111011111000111101
77 3 111111111110010111100000
77 4 111111111100000010101110
77 5 111111111100011111001111
77 6 111111111010010001101000
77 7 111111111010001001100100
77 8 000000000100001000001010
77 9 111111111110000010101010
78 0 111111111010000001010000
78 1 111111111010011111010100
78 2 111111111011111111001111
78 3 111111111110011001001001
78 4 111111111100000100010110
78 5 111111111100010111000101
78 6 111111111010001001100000
78 7 111111111010001101111110
78 8 000000000100000010111100
78 9 111111111110000011001010
79 0 111111111001111000100100
79 1 111111111010010111101111
79 2 111111111100000010100011
79 3 111111111110010011101100
79 4 111111111100001000010110
79 5 111111111100010000101011
79 6 111111111010000101011001
79 7 111111111010001000010110
79 8 000000000100000110010011
79 9 111111111110000110011110
80 0 111111111001110001101101
80 1 111111111010001101011011
80 2 111111111100000000110111
80 3 111111111110010010111111
80 4 111111111100000101100010
80 5 111111111100001100101011
80 6 111111111001111111100000
80 7 111111111010000010101101
80 8 000000000100001101101011
80 9 111111111110000101000001
81 0 111111111001101001000100
81 1 111111111010000011111100
81 2 111111111011111101110011
81 3 111111111110010100011011
81 4 111111111100000100001010
81 5 111111111100001011111110
81 6 111111111001111010100010
81 7 111111111001111110111010
81 8 000000000100010011100000
81 9 111111111110000010011111
82 0 111111111001100010100100
82 1 111111111001111010011001
82 2 111111111011111110101000
82 3 111111111110010010101111
82 4 111111111100000001110011
82 5 111111111100001000011011
82 6 111111111001111000011001
82 7 111111111001110111001100
82 8 000000000100011100110010
82 9 111111111101111111100100
83 0 111111111001011111001100
83 1 111111111001101101110111
83 2 111111111011111101110000
83 3 111111111110010001111001
83 4 111111111011111111000000
83 5 111111111100000101110010
83 6 111111111001110101010100
83 7 111111111001110000010101
83 8 000000000100100101011001
83 9 111111111101111100111101
84 0 111111111001011010111110
84 1 111111111001100011001100
84 2 111111111011111111011000
84 3 111111111110010001010111
84 4 111111111011111100111001
84 5 111111111100000000100110
84 6 111111111001110010101101
84 7 111111111001101011001110
84 8 000000000100101110000011
84 9 111111111101111000101010
85 0 111111111001010101111000
85 1 111111111001011101001111
85 2 111111111100000111011000
85 3 111111111110010011001100
85 4 111111111011111100010111
85 5 111111111011111000000110
85 6 111111111001101100110001
85 7 111111111001101000101100
85 8 000000000100110100001110
85 9 111111111101110101110101
86 0 111111111001010100111110
86 1 111111111001010010011111
86 2 111111111100001000100000
86 3 111111111110010011001110
86 4 111111111011111000010000
86 5 111111111011110111111001
86 6 111111111001101000110001
86 7 111111111001100010100101
86 8 000000000100111001101011
86 9 111111111101110011110010
87 0 111111111001010011000011
87 1 111111111001001001100111
87 2 111111111100001010101111
87 3 111111111110001110001010
87 4 111111111011110100000101
87 5 111111111011110010111000
87 6 111111111001100100001011
87 7 111111111001011011111100
87 8 000000000101000001101101
87 9 111111111101110011111001
88 0 111111111001010010000011
88 1 111111111001000000111101
88 2 111111111100001100101100
88 3 111111111110001011001100
88 4 111111111011101011100110
88 5 111111111011110000100001
88 6 111111111001011111011101
88 7 111111111001010101110111
88 8 000000000101001000011101
88 9 111111111101110010000001
89 0 111111111001001110101100
89 1 111111111000110010010101
89 2 111111111100001100000110
89 3 111111111110001100100001
89 4 111111111011100111100111
89 5 111111111011110000100011
89 6 111111111001011111001101
89 7 111111111001001110001000
89 8 000000000101001010110110
89 9 111111111101110001011010
90 0 111111111001001100001010
90 1 111111111000100110101001
90 2 111111111100001001101110
90 3 111111111110001000100101
90 4 111111111011100011001000
90 5 111111111011101100100110
90 6 111111111001011101111000
90 7 111111111001001001000100
90 8 000000000101010000001110
90 9 111111111101110011111111
91 0 111111111001000111110000
91 1 111111111000100100111100
91 2 111111111100001101111000
91 3 111111111110000100010001
91 4 111111111011011111011110
91 5 111111111011100100010011
91 6 111111111001011001010011
91 7 111111111001000110110110
91 8 000000000101010101011100
91 9 111111111101110001111110
92 0 111111111001001000111010
92 1 111111111000011011100111
92 2 111111111100001110100010
92 3 111111111101111111100011
92 4 111111111011011100110101
92 5 111111111011011100000101
92 6 111111111001011010000110
92 7 111111111001000000010111
92 8 000000000101011010011101
92 9 111111111101101110111001
93 0 111111111001000010010100
93 1 111111111000010111011100
93 2 111111111100001110101101
93 3 111111111101111110101001
93 4 111111111011011011001110
93 5 111111111011010110010010
93 6 111111111001010110110001
93 7 111111111000111010011111
93 8 000000000101011110111110
93 9 111111111101101110110110
94 0 111111111000111111100010
94 1 111111111000001111111110
94 2 111111111100001101011111
94 3 111111111101111001001100
94 4 111111111011010111111111
94 5 111111111011001110001111
94 6 111111111001011001000000
94 7 111111111000110101010111
94 8 000000000101100100010100
94 9 111111111101101011101010
95 0 111111111000111100101010
95 1 111111111000001110000001
95 2 111111111100001101101000
95 3 111111111101110001100000
95 4 111111111011010110101111
95 5 111111111011000110000001
95 6 111111111001011011000011
95 7 111111111000110100010110
95 8 000000000101100001111011
95 9 111111111101100101110100
96 0 111111111000111001111010
96 1 111111111000001111000000
96 2 111111111100001001011100
96 3 111111111101101001101010
96 4 111111111011010010111101
96 5 111111111011000010101000
96 6 111111111001100000110101
96 7 111111111000110010001001
96 8 000000000101100010001011
96 9 111111111101011111110110
97 0 111111111000110110001001
97 1 111111111000001101010011
97 2 111111111100000111001100
97 3 111111111101100101001010
97 4 111111111011010000010001
97 5 111111111010111011001010
97 6 111111111001100001010111
97 7 111111111000110011001011
97 8 000000000101100000000011
97 9 111111111101011011010110
98 0 111111111000101110001001
98 1 111111111000010000001110
98 2 111111111100001010000100
98 3 111111111101100000010000
98 4 111111111011010101100001
98 5 111111111010110000010110
98 6 111111111001100000110000
98 7 111111111000110000111101
98 8 000000000101100001111010
98 9 111111111101010110110011
99 0 111111111000110001010100
99 1 111111111000001101011000
99 2 111111111100001001110001
99 3 111111111101011001111010
99 4 111111111011010111011001
99 5 111111111010101011001011
99 6 111111111001100101000000
99 7 111111111000101101001100
99 8 000000000101100000010001
99 9 111111111101010010011001
100 0 111111111000110010110110
100 1 111111111000001101001001
100 2 111111111100010001000000
100 3 111111111101011010000111
100 4 111111111011010001001100
100 5 111111111010100011000000
100 6 111111111001100101100100
100 7 111111111000110100100001
100 8 000000000101011010011110
100 9 111111111101001010110100
101 0 111111111000110101100001
101 1 111111111000001110101110
101 2 111111111100010100100011
101 3 111111111101011000111110
101 4 111111111011010000010101
101 5 111111111010011101001011
101 6 111111111001100011010101
101 7 111111111000111000100111
101 8 000000000101011000101010
101 9 111111111101001000000001
