0 0 000000000000000000000000
0 1 000000000000000000000000
0 2 000000000000000000000000
0 3 000000000000000000000000
0 4 000000000000000000000000
0 5 000000000000000000000000
0 6 000000000000000000000000
0 7 000000000000000000000000
0 8 000000000000000000000000
0 9 000000000000000000000000
1 0 000000000000000000000000
1 1 000000000000000000000000
1 2 000000000000000000000000
1 3 000000000000000000000000
1 4 000000000000000000000000
1 5 000000000000000000000000
1 6 000000000000000000000000
1 7 000000000000000000000000
1 8 000000000000000000000000
1 9 000000000000000000000000
2 0 111111111111111000011100
2 1 111111111111111101010111
2 2 111111111111111010110111
2 3 111111111111111100100000
2 4 111111111111111000010110
2 5 111111111111111001111011
2 6 111111111111111001000011
2 7 000000000000000000001001
2 8 111111111111110101101001
2 9 111111111111111010100001
3 0 111111111111110001110011
3 1 111111111111111000011101
3 2 111111111111110010001001
3 3 111111111111111101110100
3 4 111111111111110001010110
3 5 111111111111111110101001
3 6 111111111111101111010110
3 7 111111111111111011011001
3 8 111111111111101111110100
3 9 111111111111110101001001
4 0 111111111111110011000101
4 1 111111111111111001101001
4 2 111111111111110001100011
4 3 111111111111111000110111
4 4 111111111111101111001100
4 5 111111111111111110001011
4 6 111111111111101101010100
4 7 111111111111110101011110
4 8 111111111111101101011000
4 9 111111111111101100000011
5 0 111111111111110011101010
5 1 111111111111110011111001
5 2 111111111111110001010101
5 3 111111111111110100000000
5 4 111111111111101110011001
5 5 111111111111111100011010
5 6 111111111111101100001111
5 7 111111111111110000011011
5 8 111111111111100010110010
5 9 111111111111100011111010
6 0 111111111111111000101101
6 1 111111111111110001111100
6 2 111111111111101101011010
6 3 111111111111101111110110
6 4 111111111111100011000100
6 5 111111111111111000110011
6 6 111111111111101011100100
6 7 111111111111101101110011
6 8 111111111111011100001011
6 9 111111111111011011011101
7 0 111111111111111111010101
7 1 111111111111101100011111
7 2 111111111111101101001100
7 3 111111111111101010010000
7 4 111111111111011001110010
7 5 111111111111110011110110
7 6 111111111111101000110010
7 7 111111111111101010100100
7 8 111111111111010011100010
7 9 111111111111010001111000
8 0 000000000000001001100100
8 1 111111111111100111111110
8 2 111111111111101110010111
8 3 111111111111100110011100
8 4 111111111111010000111101
8 5 111111111111101100001110
8 6 111111111111101000011001
8 7 111111111111100110001001
8 8 111111111111001011111110
8 9 111111111111000110011010
9 0 000000000000010010101001
9 1 111111111111100101101001
9 2 111111111111101111010111
9 3 111111111111100010010100
9 4 111111111111001001001000
9 5 111111111111100110101001
9 6 111111111111100110011000
9 7 111111111111011111110100
9 8 111111111111000111010111
9 9 111111111110111011001000
10 0 000000000000011001101000
10 1 111111111111100011000000
10 2 111111111111101110100011
10 3 111111111111011110000000
10 4 111111111111000011111000
10 5 111111111111100010100001
10 6 111111111111100110011111
10 7 111111111111010110010001
10 8 111111111111000101011110
10 9 111111111110110001100111
11 0 000000000000011110100000
11 1 111111111111100011110000
11 2 111111111111101011000101
11 3 111111111111011001010011
11 4 111111111110111011101011
11 5 111111111111100000011000
11 6 111111111111100100101100
11 7 111111111111001110100000
11 8 111111111111000001000110
11 9 111111111110101000000000
12 0 000000000000100010000101
12 1 111111111111100010000010
12 2 111111111111100110001001
12 3 111111111111010101111010
12 4 111111111110110011000110
12 5 111111111111100001101010
12 6 111111111111100001110010
12 7 111111111111000100001010
12 8 111111111110111101111001
12 9 111111111110100011001111
13 0 000000000000100011011011
13 1 111111111111011111101111
13 2 111111111111011110111011
13 3 111111111111010111101111
13 4 111111111110101100101011
13 5 111111111111100100111110
13 6 111111111111011010001111
13 7 111111111110111010010111
13 8 111111111110111011110001
13 9 111111111110100010011001
14 0 000000000000100111000001
14 1 111111111111011100101001
14 2 111111111111011010001101
14 3 111111111111010100001011
14 4 111111111110100111000011
14 5 111111111111100010100011
14 6 111111111111010111110100
14 7 111111111110101111010000
14 8 111111111110111100110000
14 9 111111111110011110100010
15 0 000000000000101001100100
15 1 111111111111011001101011
15 2 111111111111010100000111
15 3 111111111111001111001010
15 4 111111111110100010010010
15 5 111111111111100001001001
15 6 111111111111010111011110
15 7 111111111110100100011111
15 8 111111111110111101101100
15 9 111111111110011101001101
16 0 000000000000101100010101
16 1 111111111111010100011111
16 2 111111111111001100000100
16 3 111111111111001100010111
16 4 111111111110011111001100
16 5 111111111111100011000011
16 6 111111111111010010101010
16 7 111111111110011010101010
16 8 111111111111000000101001
16 9 111111111110100001000001
17 0 000000000000110000011000
17 1 111111111111001101000011
17 2 111111111111000101000100
17 3 111111111111000110110001
17 4 111111111110011000101100
17 5 111111111111100011100011
17 6 111111111111001101101011
17 7 111111111110010001010000
17 8 111111111111000010010010
17 9 111111111110100011100100
18 0 000000000000110100100001
18 1 111111111111000101010000
18 2 111111111110111101011110
18 3 111111111111000000100001
18 4 111111111110010100100100
18 5 111111111111100010111001
18 6 111111111111001011010011
18 7 111111111110001010010100
18 8 111111111111000010101010
18 9 111111111110100110001110
19 0 000000000000110111011111
19 1 111111111111000001111111
19 2 111111111110110011011110
19 3 111111111110111000100100
19 4 111111111110010000101011
19 5 111111111111100010011101
19 6 111111111111001011001101
19 7 111111111110001001000110
19 8 111111111111000001101011
19 9 111111111110100110100000
20 0 000000000000111110001101
20 1 111111111110111011000011
20 2 111111111110101110011110
20 3 111111111110101110110010
20 4 111111111110001100010100
20 5 111111111111100000110001
20 6 111111111111000111000111
20 7 111111111110000101001111
20 8 111111111110111110100101
20 9 111111111110100100100011
21 0 000000000001000010111100
21 1 111111111110110001000100
21 2 111111111110101001001011
21 3 111111111110100011111001
21 4 111111111110001000111110
21 5 111111111111100000100110
21 6 111111111111000001100000
21 7 111111111101111111001100
21 8 111111111110111011001001
21 9 111111111110100101011111
22 0 000000000001000101110010
22 1 111111111110100111011101
22 2 111111111110100110000111
22 3 111111111110011001011000
22 4 111111111110000101101101
22 5 111111111111011110011000
22 6 111111111110111010011001
22 7 111111111101111010100010
22 8 111111111110111011100101
22 9 111111111110100100110001
23 0 000000000001000110010111
23 1 111111111110011101110111
23 2 111111111110011100101110
23 3 111111111110010011010010
23 4 111111111110000100010001
23 5 111111111111100100001001
23 6 111111111110110001111001
23 7 111111111101110010000011
23 8 111111111110110111111110
23 9 111111111110101000110010
24 0 000000000001001010010111
24 1 111111111110010111011011
24 2 111111111110011000010011
24 3 111111111110000101110000
24 4 111111111110000101110001
24 5 111111111111100010101000
24 6 111111111110101101000011
24 7 111111111101101010001100
24 8 111111111110110011011111
24 9 111111111110100111110001
25 0 000000000001001001100100
25 1 111111111110010011101011
25 2 111111111110010001010110
25 3 111111111101111010001111
25 4 111111111110000110110010
25 5 111111111111100100101001
25 6 111111111110100110100111
25 7 111111111101100100111001
25 8 111111111110101101110111
25 9 111111111110100110001100
26 0 000000000001001000011100
26 1 111111111110001110110111
26 2 111111111110001010000101
26 3 111111111101110000011100
26 4 111111111110000101010011
26 5 111111111111100100011011
26 6 111111111110100000101011
26 7 111111111101100000000011
26 8 111111111110101001110110
26 9 111111111110100101001101
27 0 000000000001001000000110
27 1 111111111110001001001101
27 2 111111111110000010001010
27 3 111111111101100110110011
27 4 111111111110000011101011
27 5 111111111111101000000110
27 6 111111111110011000011101
27 7 111111111101011000010100
27 8 111111111110100101110011
27 9 111111111110100101010101
28 0 000000000001000101111010
28 1 111111111110000011100100
28 2 111111111110000101111110
28 3 111111111101100011010001
28 4 111111111110000001000010
28 5 111111111111101101111110
28 6 111111111110010100001100
28 7 111111111101001101111111
28 8 111111111110101001001100
28 9 111111111110100101000100
29 0 000000000001000101000100
29 1 111111111101111101001000
29 2 111111111110001000111001
29 3 111111111101100001111100
29 4 111111111101111111000011
29 5 111111111111110100011110
29 6 111111111110001110101101
29 7 111111111101000111000000
29 8 111111111110101001001001
29 9 111111111110100010010000
30 0 000000000001000011111101
30 1 111111111101111001101101
30 2 111111111110000111000100
30 3 111111111101011110101100
30 4 111111111101111110011100
30 5 111111111111111001100000
30 6 111111111110001011000010
30 7 111111111101000000110000
30 8 111111111110101010000000
30 9 111111111110100011110110
31 0 000000000001000101101101
31 1 111111111101111000001010
31 2 111111111110000101100100
31 3 111111111101011100100011
31 4 111111111101111101100010
31 5 111111111111111010011000
31 6 111111111110001001011111
31 7 111111111101000100101001
31 8 111111111110100110010000
31 9 111111111110100100001110
32 0 000000000001000101000111
32 1 111111111101110101001001
32 2 111111111110001000011101
32 3 111111111101011010010001
32 4 111111111101111001110000
32 5 111111111111111110000010
32 6 111111111110000110010010
32 7 111111111100111100100001
32 8 111111111110101010100110
32 9 111111111110100111011001
33 0 000000000001001000011110
33 1 111111111101110011100000
33 2 111111111110000101101110
33 3 111111111101011001011111
33 4 111111111101110100010000
33 5 111111111111111101010001
33 6 111111111101111101100110
33 7 111111111100110101111001
33 8 111111111110101101010001
33 9 111111111110101101111010
34 0 000000000001001010000011
34 1 111111111101101101011100
34 2 111111111110000000010101
34 3 111111111101011000011010
34 4 111111111101110010010111
34 5 111111111111111101101011
34 6 111111111101110101001110
34 7 111111111100110010111110
34 8 111111111110101010000110
34 9 111111111110101111110111
35 0 000000000001000110101000
35 1 111111111101101001010100
35 2 111111111101111111110101
35 3 111111111101010100110101
35 4 111111111101110100001000
35 5 111111111111111101101000
35 6 111111111101101100001110
35 7 111111111100101111000101
35 8 111111111110100111010010
35 9 111111111110110111001111
36 0 000000000001001001010111
36 1 111111111101101010010011
36 2 111111111101111001101110
36 3 111111111101001111001000
36 4 111111111101110001001001
36 5 111111111111111010110100
36 6 111111111101100010110011
36 7 111111111100101110011001
36 8 111111111110100110001010
36 9 111111111110111010010110
37 0 000000000001001010001101
37 1 111111111101100000101100
37 2 111111111101110101101111
37 3 111111111101001010011111
37 4 111111111101101100011100
37 5 111111111111111111001110
37 6 111111111101100001010000
37 7 111111111100101000101101
37 8 111111111110100101000100
37 9 111111111110110111110100
38 0 000000000001001111010110
38 1 111111111101011001111010
38 2 111111111101110011010101
38 3 111111111101000000111001
38 4 111111111101101010110110
38 5 111111111111111011100011
38 6 111111111101011100101110
38 7 111111111100100100111111
38 8 111111111110100000011010
38 9 111111111110111001100000
39 0 000000000001010101010001
39 1 111111111101010011111100
39 2 111111111101101110111011
39 3 111111111100110111011011
39 4 111111111101100111101001
39 5 111111111111111000111011
39 6 111111111101011010100111
39 7 111111111100011010111010
39 8 111111111110100001110100
39 9 111111111110111100011010
40 0 000000000001010100011001
40 1 111111111101010010111000
40 2 111111111101100110010000
40 3 111111111100101101011011
40 4 111111111101100111000010
40 5 111111111111110100101101
40 6 111111111101010110011000
40 7 111111111100010100000000
40 8 111111111110011110010000
40 9 111111111110111111101001
41 0 000000000001010100100001
41 1 111111111101001011110000
41 2 111111111101100010100111
41 3 111111111100100011110011
41 4 111111111101100110010000
41 5 111111111111110000011011
41 6 111111111101001110000111
41 7 111111111100001011110110
41 8 111111111110011011100001
41 9 111111111111000000011011
42 0 000000000001010110111010
42 1 111111111101000110001000
42 2 111111111101100010100110
42 3 111111111100011111000110
42 4 111111111101100011001001
42 5 111111111111101000100001
42 6 111111111101000110010100
42 7 111111111100000100100000
42 8 111111111110011010100000
42 9 111111111110111110101001
43 0 000000000001011011000011
43 1 111111111101000000010101
43 2 111111111101100010000000
43 3 111111111100011010010000
43 4 111111111101011111001001
43 5 111111111111100001011011
43 6 111111111100111111001101
43 7 111111111011111111110001
43 8 111111111110011001011000
43 9 111111111110111100010101
44 0 000000000001011010111001
44 1 111111111100111100001111
44 2 111111111101100001110000
44 3 111111111100010110110010
44 4 111111111101011011011111
44 5 111111111111011010110011
44 6 111111111100110110001101
44 7 111111111011111001101111
44 8 111111111110010110000100
44 9 111111111110111000100010
45 0 000000000001011010100011
45 1 111111111100111101011110
45 2 111111111101011100011110
45 3 111111111100010100100100
45 4 111111111101011000100110
45 5 111111111111010010101101
45 6 111111111100101110000000
45 7 111111111011110111010011
45 8 111111111110010000100111
45 9 111111111110110001001101
46 0 000000000001100001010100
46 1 111111111100111011110001
46 2 111111111101011000011011
46 3 111111111100010011111010
46 4 111111111101010000001100
46 5 111111111111001101001110
46 6 111111111100100110101100
46 7 111111111011110111010101
46 8 111111111110001111010110
46 9 111111111110101000110101
47 0 000000000001100101100101
47 1 111111111100111011011010
47 2 111111111101010011100110
47 3 111111111100010010111111
47 4 111111111101001100001101
47 5 111111111111000100010111
47 6 111111111100100001010001
47 7 111111111011111000110011
47 8 111111111110001100101011
47 9 111111111110100000111111
48 0 000000000001101001011011
48 1 111111111100111001100011
48 2 111111111101001111000100
48 3 111111111100010010000011
48 4 111111111101001001011000
48 5 111111111110111011111001
48 6 111111111100011011011000
48 7 111111111011111011100110
48 8 111111111110001001000101
48 9 111111111110011010010100
49 0 000000000001101110011100
49 1 111111111100110111100000
49 2 111111111101001001000100
49 3 111111111100001111110100
49 4 111111111101000111000010
49 5 111111111110110100101000
49 6 111111111100010110010100
49 7 111111111011111110000010
49 8 111111111110000011110111
49 9 111111111110010100101111
50 0 000000000001101111001101
50 1 111111111100110111101001
50 2 111111111101000011100010
50 3 111111111100001101010010
50 4 111111111101000101010011
50 5 111111111110101011110001
50 6 111111111100001111111111
50 7 111111111100000001011110
50 8 111111111110000000001001
50 9 111111111110010001010001
51 0 000000000001110010011010
51 1 111111111100110101001011
51 2 111111111100111101010111
51 3 111111111100001110110010
51 4 111111111101000100000111
51 5 111111111110100110001010
51 6 111111111100001001001001
51 7 111111111100000001010010
51 8 111111111101111001101011
51 9 111111111110001100010111
52 0 000000000001110101011101
52 1 111111111100110010010011
52 2 111111111100111100011011
52 3 111111111100010001110001
52 4 111111111101000001110101
52 5 111111111110011111100000
52 6 111111111100000000110001
52 7 111111111100000011000011
52 8 111111111101110001010100
52 9 111111111110001000111101
53 0 000000000001111010010010
53 1 111111111100110001001111
53 2 111111111100111011000110
53 3 111111111100001111110001
53 4 111111111101000010101110
53 5 111111111110010100111110
53 6 111111111011111001011111
53 7 111111111100000111001011
53 8 111111111101101011000001
53 9 111111111101111111110101
54 0 000000000001111110111100
54 1 111111111100101101001100
54 2 111111111100111010011011
54 3 111111111100001101000101
54 4 111111111101000000000001
54 5 111111111110001110111110
54 6 111111111011110011010111
54 7 111111111100000111100111
54 8 111111111101100100111011
54 9 111111111110000000000000
55 0 000000000001111111110001
55 1 111111111100101111000010
55 2 111111111100111011100011
55 3 111111111100001110001001
55 4 111111111100111110110100
55 5 111111111110000101011111
55 6 111111111011101100101111
55 7 111111111100001010011011
55 8 111111111101011110001001
55 9 111111111101111000101000
56 0 000000000010000111000111
56 1 111111111100101011010110
56 2 111111111100111011110001
56 3 111111111100001011001010
56 4 111111111100111011010110
56 5 111111111101111100101101
56 6 111111111011100101101011
56 7 111111111100001100000100
56 8 111111111101011011100101
56 9 111111111101110010010000
57 0 000000000010000111101111
57 1 111111111100100111100101
57 2 111111111100111010010100
57 3 111111111100001110001000
57 4 111111111100110011110010
57 5 111111111101111000010101
57 6 111111111011011110000111
57 7 111111111100001011111110
57 8 111111111101011011100100
57 9 111111111101101100010000
58 0 000000000010001010001110
58 1 111111111100100100111100
58 2 111111111100111100000010
58 3 111111111100001010110100
58 4 111111111100101111111001
58 5 111111111101110001010101
58 6 111111111011011011010000
58 7 111111111100001100110011
58 8 111111111101011010011010
58 9 111111111101100100101011
59 0 000000000010001110101100
59 1 111111111100100110010001
59 2 111111111100111010010101
59 3 111111111100000110010010
59 4 111111111100101100011011
59 5 111111111101101000100100
59 6 111111111011011000110011
59 7 111111111100001110011110
59 8 111111111101010110110111
59 9 111111111101100000000010
60 0 000000000010010010111110
60 1 111111111100100000011110
60 2 111111111100110100110110
60 3 111111111100000011000101
60 4 111111111100101010101101
60 5 111111111101101010001111
60 6 111111111011010111100011
60 7 111111111100001111001011
60 8 111111111101010010000011
60 9 111111111101011000000110
61 0 000000000010010100101011
61 1 111111111100100000011011
61 2 111111111100111101011010
61 3 111111111011111111110001
61 4 111111111100101101110011
61 5 111111111101011100000101
61 6 111111111011001110010101
61 7 111111111100010001101010
61 8 111111111101001110111101
61 9 111111111101010000101011
62 0 000000000010010010100110
62 1 111111111100100000100111
62 2 111111111101000001100011
62 3 111111111011111110100011
62 4 111111111100100110110010
62 5 111111111101010010011100
62 6 111111111011001010111001
62 7 111111111100010000110110
62 8 111111111101010011101000
62 9 111111111101010001001111
63 0 000000000010010011111011
63 1 111111111100011110000010
63 2 111111111101000101010110
63 3 111111111011111000010111
63 4 111111111100100010101000
63 5 111111111101001010000001
63 6 111111111011000111100011
63 7 111111111100001110100000
63 8 111111111101011000100010
63 9 111111111101001111011001
64 0 000000000010010100101110
64 1 111111111100011101000010
64 2 111111111101000101110000
64 3 111111111011110010000001
64 4 111111111100100000101100
64 5 111111111101000011010100
64 6 111111111011000101101100
64 7 111111111100001100110101
64 8 111111111101011000111111
64 9 111111111101001111001110
65 0 000000000010010111111101
65 1 111111111100011100110111
65 2 111111111101001010010010
65 3 111111111011101111100110
65 4 111111111100011100111010
65 5 111111111100111101101110
65 6 111111111010111111111101
65 7 111111111100001011111100
65 8 111111111101011001010000
65 9 111111111101001010110000
66 0 000000000010011010110110
66 1 111111111100011111101101
66 2 111111111101000111101101
66 3 111111111011101001100101
66 4 111111111100011001111111
66 5 111111111100111010001000
66 6 111111111010111101111001
66 7 111111111100001000100010
66 8 111111111101011100110110
66 9 111111111101000101110010
67 0 000000000010011011000110
67 1 111111111100100110111010
67 2 111111111101000101000000
67 3 111111111011100101111111
67 4 111111111100010110110000
67 5 111111111100110010110001
67 6 111111111010111001100011
67 7 111111111100001000110110
67 8 111111111101010101011011
67 9 111111111101000000000100
68 0 000000000010011010101011
68 1 111111111100101001001111
68 2 111111111101000011100110
68 3 111111111011100000100110
68 4 111111111100010101011010
68 5 111111111100101110100111
68 6 111111111010110111111100
68 7 111111111100000100110011
68 8 111111111101010001100011
68 9 111111111100111001110111
69 0 000000000010011101110001
69 1 111111111100100111100000
69 2 111111111101000110101110
69 3 111111111011011011110100
69 4 111111111100010010111111
69 5 111111111100100100100100
69 6 111111111010111010111111
69 7 111111111100000011010000
69 8 111111111101010001000100
69 9 111111111100111001000101
70 0 000000000010100010101101
70 1 111111111100100111001101
70 2 111111111101000100000011
70 3 111111111011010010111111
70 4 111111111100010010111111
70 5 111111111100011111010010
70 6 111111111010111011011011
70 7 111111111100000000010001
70 8 111111111101001110001111
70 9 111111111100110110010100
71 0 000000000010011111101111
71 1 111111111100101011010101
71 2 111111111100111111010111
71 3 111111111011001100000101
71 4 111111111100010000100011
71 5 111111111100011100010100
71 6 111111111010111001010111
71 7 111111111100000101011100
71 8 111111111101001100100010
71 9 111111111100110011101100
72 0 000000000010011010110000
72 1 111111111100110000001110
72 2 111111111100111010011000
72 3 111111111011001100001001
72 4 111111111100001010111111
72 5 111111111100011101010011
72 6 111111111010110101110000
72 7 111111111100000111101110
72 8 111111111101001101011011
72 9 111111111100101101111001
73 0 000000000010011000111101
73 1 111111111100110100001101
73 2 111111111100110100101100
73 3 111111111011001000110000
73 4 111111111100000001010101
73 5 111111111100100010010100
73 6 111111111010110110111111
73 7 111111111100001001011111
73 8 111111111101001010010110
73 9 111111111100101001100111
74 0 000000000010010111110100
74 1 111111111100110100001001
74 2 111111111100110000101111
74 3 111111111011000101110000
74 4 111111111011111011011010
74 5 111111111100100011011101
74 6 111111111010110100111011
74 7 111111111100000110100001
74 8 111111111101000001100111
74 9 111111111100100001011111
75 0 000000000010001100001101
75 1 111111111100111011010101
75 2 111111111100110011110111
75 3 111111111011000101010011
75 4 111111111011111100000111
75 5 111111111100100100010111
75 6 111111111010110010000001
75 7 111111111011111111100000
75 8 111111111100111110011111
75 9 111111111100011011001111
76 0 000000000010000101110001
76 1 111111111100111101010111
76 2 111111111100110110110100
76 3 111111111011000111100011
76 4 111111111011110101100101
76 5 111111111100100101100001
76 6 111111111010101110010100
76 7 111111111011111001101100
76 8 111111111100111000100101
76 9 111111111100010011010010
77 0 000000000010000100111100
77 1 111111111100111100010000
77 2 111111111100111010011110
77 3 111111111011000011110000
77 4 111111111011101111000010
77 5 111111111100100100010110
77 6 111111111010101011100100
77 7 111111111011110001001001
77 8 111111111100111000101001
77 9 111111111100001000001110
78 0 000000000010001000000101
78 1 111111111100111000101111
78 2 111111111101000001111110
78 3 111111111010111100100000
78 4 111111111011101011111100
78 5 111111111100011110111000
78 6 111111111010101010110000
78 7 111111111011101010010111
78 8 111111111100111000100000
78 9 111111111011111110110000
79 0 000000000010001101000111
79 1 111111111100110110111001
79 2 111111111101000010100110
79 3 111111111010110011101001
79 4 111111111011101000000011
79 5 111111111100011100010011
79 6 111111111010101100000010
79 7 111111111011100011100100
79 8 111111111100111000111111
79 9 111111111011110110001110
80 0 000000000010001111100000
80 1 111111111100110011101011
80 2 111111111101000111001000
80 3 111111111010101100111100
80 4 111111111011100101000011
80 5 111111111100010110000110
80 6 111111111010101010111001
80 7 111111111011011001100000
80 8 111111111100111011000000
80 9 111111111011101011111000
81 0 000000000010010100001111
81 1 111111111100101011100011
81 2 111111111101000110010101
81 3 111111111010100100101111
81 4 111111111011100000110010
81 5 111111111100010010000100
81 6 111111111010110000001010
81 7 111111111011010010000001
81 8 111111111100111001101111
81 9 111111111011100100001101
82 0 000000000010010110110000
82 1 111111111100100110101110
82 2 111111111101001101101011
82 3 111111111010011111110011
82 4 111111111011011110111100
82 5 111111111100001000010110
82 6 111111111010110000101100
82 7 111111111011001000111111
82 8 111111111100111001111100
82 9 111111111011011101110110
83 0 000000000010010110110111
83 1 111111111100100010011100
83 2 111111111101010011001110
83 3 111111111010011100001111
83 4 111111111011011100001100
83 5 111111111011111100110000
83 6 111111111010110001101001
83 7 111111111010111111000010
83 8 111111111100111000110011
83 9 111111111011010100111000
84 0 000000000010010010000110
84 1 111111111100011101000100
84 2 111111111101011001000101
84 3 111111111010011011101010
84 4 111111111011010011101011
84 5 111111111011110100000101
84 6 111111111010110010111001
84 7 111111111010111000000010
84 8 111111111100111011110110
84 9 111111111011001111101110
85 0 000000000010010000101000
85 1 111111111100010110101001
85 2 111111111101011011000100
85 3 111111111010010110010000
85 4 111111111011001101100011
85 5 111111111011101011011011
85 6 111111111010110010111100
85 7 111111111010101100111101
85 8 111111111100111111100100
85 9 111111111011001101110010
86 0 000000000010001010001000
86 1 111111111100001111000010
86 2 111111111101011011000011
86 3 111111111010010010101001
86 4 111111111011000110110110
86 5 111111111011101010010010
86 6 111111111010110100011101
86 7 111111111010100100001000
86 8 111111111101000000111010
86 9 111111111011000110101011
87 0 000000000010000100110110
87 1 111111111100000111110011
87 2 111111111101011010100101
87 3 111111111010001101010011
87 4 111111111011000011100011
87 5 111111111011100101001011
87 6 111111111010110111100111
87 7 111111111010011010100010
87 8 111111111101000010011100
87 9 111111111010111111001111
88 0 000000000010000011101010
88 1 111111111011111100110101
88 2 111111111101011010111100
88 3 111111111010001001001010
88 4 111111111010111100110010
88 5 111111111011100001100111
88 6 111111111010110111011001
88 7 111111111010010010101100
88 8 111111111101000110111000
88 9 111111111010111010010111
89 0 000000000001111111000001
89 1 111111111011110101100000
89 2 111111111101011101000001
89 3 111111111010000011100111
89 4 111111111010110111001100
89 5 111111111011011011000110
89 6 111111111010111000010000
89 7 111111111010000111001010
89 8 111111111101001010001010
89 9 111111111010110111000000
90 0 000000000001111001100000
90 1 111111111011110010010111
90 2 111111111101011111100011
90 3 111111111001111100010000
90 4 111111111010110100010101
90 5 111111111011010001110010
90 6 111111111010111000110111
90 7 111111111001111111000111
90 8 111111111101001100010000
90 9 111111111010110100010110
91 0 000000000001110110001010
91 1 111111111011101011010000
91 2 111111111101100000110011
91 3 111111111001110111000100
91 4 111111111010110000111011
91 5 111111111011001010101010
91 6 111111111010110111101010
91 7 111111111001110100110101
91 8 111111111101010000001100
91 9 111111111010110010010101
92 0 000000000001101111110001
92 1 111111111011101011100011
92 2 111111111101100010100010
92 3 111111111001110001001010
92 4 111111111010101111110010
92 5 111111111011000010010010
92 6 111111111010110101100001
92 7 111111111001101111101011
92 8 111111111101010100011011
92 9 111111111010101111011111
93 0 000000000001101010010000
93 1 111111111011100110001001
93 2 111111111101011111000110
93 3 111111111001101110111000
93 4 111111111010101100010100
93 5 111111111011000010000000
93 6 111111111010110100111011
93 7 111111111001101010100100
93 8 111111111101010101001110
93 9 111111111010101101111100
94 0 000000000001101011111001
94 1 111111111011100000011011
94 2 111111111101011111011011
94 3 111111111001101100111000
94 4 111111111010100111100011
94 5 111111111010111010011001
94 6 111111111010110011100100
94 7 111111111001101001010000
94 8 111111111101010100111000
94 9 111111111010101001001001
95 0 000000000001101010110010
95 1 111111111011011010001110
95 2 111111111101011110111111
95 3 111111111001101000010000
95 4 111111111010100100100101
95 5 111111111010110010011010
95 6 111111111010110000101010
95 7 111111111001100010110100
95 8 111111111101011001000000
95 9 111111111010100101011111
96 0 000000000001100101110100
96 1 111111111011010010001101
96 2 111111111101011110000010
96 3 111111111001101000000011
96 4 111111111010011110001011
96 5 111111111010101111001110
96 6 111111111010101110000010
96 7 111111111001011110100100
96 8 111111111101011100000010
96 9 111111111010100010000001
97 0 000000000001100100101010
97 1 111111111011001001101001
97 2 111111111101011100111101
97 3 111111111001100110111011
97 4 111111111010010101111100
97 5 111111111010101101000001
97 6 111111111010101000010011
97 7 111111111001011000110111
97 8 111111111101100000110000
97 9 111111111010100010010010
98 0 000000000001011101101101
98 1 111111111011000011111000
98 2 111111111101100011101101
98 3 111111111001101011001010
98 4 111111111010010011101111
98 5 111111111010101010011010
98 6 111111111010100010111101
98 7 111111111001010000111011
98 8 111111111101100011101100
98 9 111111111010011101111110
99 0 000000000001010110110011
99 1 111111111010111110010111
99 2 111111111101101100110110
99 3 111111111001101011110100
99 4 111111111010001110000011
99 5 111111111010101011011110
99 6 111111111010100000001100
99 7 111111111001001001000110
99 8 111111111101101000011110
99 9 111111111010010111011011
100 0 000000000001010111101010
100 1 111111111010111000111010
100 2 111111111101101111010101
100 3 111111111001101010101001
100 4 111111111010001000011001
100 5 111111111010101010011111
100 6 111111111010010110111000
100 7 111111111001001011110101
100 8 111111111101101001101011
100 9 111111111010011001001010
101 0 000000000001010011001011
101 1 111111111010111000111111
101 2 111111111101101011001011
101 3 111111111001100111010111
101 4 111111111010001000001010
101 5 111111111010101001000001
101 6 111111111010010011011101
101 7 111111111001001100110001
101 8 111111111101101111100000
101 9 111111111010010110101000
