0 0 000000000000000000000000
0 1 000000000000000000000000
0 2 000000000000000000000000
0 3 000000000000000000000000
0 4 000000000000000000000000
0 5 000000000000000000000000
0 6 000000000000000000000000
0 7 000000000000000000000000
0 8 000000000000000000000000
0 9 000000000000000000000000
1 0 000000000000000000000000
1 1 000000000000000000000000
1 2 000000000000000000000000
1 3 000000000000000000000000
1 4 000000000000000000000000
1 5 000000000000000000000000
1 6 000000000000000000000000
1 7 000000000000000000000000
1 8 000000000000000000000000
1 9 000000000000000000000000
2 0 111111111111111100101010
2 1 111111111111111010001110
2 2 111111111111111011000001
2 3 111111111111111100110110
2 4 111111111111111101010101
2 5 000000000000000100000010
2 6 111111111111111110010000
2 7 111111111111111110111101
2 8 111111111111111001110110
2 9 000000000000000100001011
3 0 111111111111110111001111
3 1 111111111111101111111111
3 2 111111111111110101110000
3 3 111111111111111001011001
3 4 000000000000000000110101
3 5 000000000000000011011111
3 6 111111111111111000101010
3 7 111111111111111001111001
3 8 111111111111101011100000
3 9 111111111111111100110001
4 0 111111111111110010001010
4 1 111111111111101110100110
4 2 111111111111110111011011
4 3 111111111111110100100010
4 4 000000000000000000011110
4 5 111111111111111110101100
4 6 111111111111111001101011
4 7 111111111111110100110000
4 8 111111111111100111010101
4 9 111111111111111001011100
5 0 111111111111101111110000
5 1 111111111111101010110001
5 2 111111111111110100101110
5 3 111111111111101110110000
5 4 000000000000000001011010
5 5 111111111111111101100010
5 6 111111111111111100000100
5 7 111111111111101001111000
5 8 111111111111011111100111
5 9 111111111111110100011100
6 0 111111111111101000101101
6 1 111111111111100010111110
6 2 111111111111110100011000
6 3 111111111111101010000110
6 4 111111111111110111011111
6 5 111111111111111001011000
6 6 111111111111110100100011
6 7 111111111111100000110110
6 8 111111111111011001100110
6 9 111111111111110110001100
7 0 111111111111100011001101
7 1 111111111111010111101001
7 2 111111111111110010100011
7 3 111111111111100011110100
7 4 111111111111110010001010
7 5 111111111111110101100110
7 6 111111111111101101100010
7 7 111111111111011110010001
7 8 111111111111010011011110
7 9 111111111111110101110010
8 0 111111111111011100110010
8 1 111111111111001101011110
8 2 111111111111110000111101
8 3 111111111111011101001111
8 4 111111111111101010101111
8 5 111111111111110000010010
8 6 111111111111100000010001
8 7 111111111111011011100011
8 8 111111111111001110100011
8 9 111111111111111000010000
9 0 111111111111011011001101
9 1 111111111110111111011101
9 2 111111111111110001110100
9 3 111111111111010111101011
9 4 111111111111100110011111
9 5 111111111111101011000110
9 6 111111111111010110010110
9 7 111111111111010111101110
9 8 111111111111000110011011
9 9 111111111111111000111111
10 0 111111111111011000100110
10 1 111111111110110010101000
10 2 111111111111110000001101
10 3 111111111111010000010011
10 4 111111111111100100000101
10 5 111111111111100101011101
10 6 111111111111001101001100
10 7 111111111111010011001010
10 8 111111111111000010001000
10 9 111111111111111100001111
11 0 111111111111011001011110
11 1 111111111110100110001010
11 2 111111111111110001100110
11 3 111111111111001001110000
11 4 111111111111011111010100
11 5 111111111111100000010111
11 6 111111111111000101100000
11 7 111111111111010000011110
11 8 111111111110111100100101
11 9 111111111111111010011011
12 0 111111111111011000110011
12 1 111111111110011101000001
12 2 111111111111110100000101
12 3 111111111111001000101000
12 4 111111111111011010100101
12 5 111111111111010101011111
12 6 111111111110111100001010
12 7 111111111111001101110100
12 8 111111111110111000001011
12 9 111111111111110111111100
13 0 111111111111010100010111
13 1 111111111110010011111011
13 2 111111111111110110011100
13 3 111111111111000011100111
13 4 111111111111010011011011
13 5 111111111111001101110100
13 6 111111111110110101101000
13 7 111111111111001001100000
13 8 111111111110110100101000
13 9 111111111111110110011100
14 0 111111111111010101001101
14 1 111111111110001011111101
14 2 111111111111110110110110
14 3 111111111110111101101000
14 4 111111111111001001111110
14 5 111111111111001001110110
14 6 111111111110101111001101
14 7 111111111111000110101011
14 8 111111111110101110011111
14 9 111111111111110011100110
15 0 111111111111010101001000
15 1 111111111110000011110001
15 2 111111111111111000010100
15 3 111111111110110110001000
15 4 111111111111000010011111
15 5 111111111111000100111101
15 6 111111111110100111101101
15 7 111111111111000110011101
15 8 111111111110101010100111
15 9 111111111111110010001111
16 0 111111111111010011001100
16 1 111111111101111011110010
16 2 111111111111111000111110
16 3 111111111110101110011100
16 4 111111111110111010101001
16 5 111111111111000011011100
16 6 111111111110011110000011
16 7 111111111111000100011111
16 8 111111111110101000010001
16 9 111111111111110001110000
17 0 111111111111010001100110
17 1 111111111101110011101101
17 2 111111111111111001111001
17 3 111111111110101001100110
17 4 111111111110101111100010
17 5 111111111111000011010101
17 6 111111111110010110000011
17 7 111111111111000011111010
17 8 111111111110100110011011
17 9 111111111111101110110011
18 0 111111111111010000000110
18 1 111111111101101101010000
18 2 111111111111111000111110
18 3 111111111110100111110101
18 4 111111111110100010110101
18 5 111111111111001000011001
18 6 111111111110001111011000
18 7 111111111110111101100010
18 8 111111111110101100101101
18 9 111111111111101011000011
19 0 111111111111001111111111
19 1 111111111101100101011100
19 2 111111111111110111110101
19 3 111111111110100111110101
19 4 111111111110010110100001
19 5 111111111111001110000110
19 6 111111111110001001101011
19 7 111111111110111000100111
19 8 111111111110110010101001
19 9 111111111111100100001000
20 0 111111111111010000000011
20 1 111111111101011101100001
20 2 111111111111110110000011
20 3 111111111110101001110100
20 4 111111111110001000111001
20 5 111111111111010101110100
20 6 111111111110000100011011
20 7 111111111110110010111010
20 8 111111111110110110100001
20 9 111111111111011101010001
21 0 111111111111001101001010
21 1 111111111101010010101110
21 2 111111111111110001011110
21 3 111111111110101101100110
21 4 111111111101111101000011
21 5 111111111111011111001011
21 6 111111111101111111100100
21 7 111111111110101011101100
21 8 111111111110111101110010
21 9 111111111111011001000001
22 0 111111111111001001010011
22 1 111111111101001010110110
22 2 111111111111101101111110
22 3 111111111110110010000001
22 4 111111111101101110010001
22 5 111111111111101001100110
22 6 111111111101111011101101
22 7 111111111110100110101111
22 8 111111111111000001000111
22 9 111111111111010001010000
23 0 111111111111000100001100
23 1 111111111101000011011000
23 2 111111111111100110101011
23 3 111111111110110110110110
23 4 111111111101100010010000
23 5 111111111111110110111010
23 6 111111111101110111111100
23 7 111111111110100000100110
23 8 111111111111000111110111
23 9 111111111111001011110010
24 0 111111111110111101110010
24 1 111111111100111101110010
24 2 111111111111011110000101
24 3 111111111110111000101000
24 4 111111111101011000011101
24 5 000000000000000101100111
24 6 111111111101110101011010
24 7 111111111110011010001101
24 8 111111111111001101010011
24 9 111111111111000100101101
25 0 111111111110110110000101
25 1 111111111100111011100110
25 2 111111111111010100010010
25 3 111111111110111001001110
25 4 111111111101001101101000
25 5 000000000000010001001101
25 6 111111111101110001111111
25 7 111111111110010001100111
25 8 111111111111010101000110
25 9 111111111111000010101111
26 0 111111111110101111000101
26 1 111111111100111000101001
26 2 111111111111001110100100
26 3 111111111110111010110100
26 4 111111111101000110010000
26 5 000000000000011011111001
26 6 111111111101101110011000
26 7 111111111110001010110101
26 8 111111111111011011001011
26 9 111111111110111110011000
27 0 111111111110101101010101
27 1 111111111100110101011101
27 2 111111111111000110100011
27 3 111111111110111101011000
27 4 111111111100111110001010
27 5 000000000000100110011000
27 6 111111111101101100000111
27 7 111111111110000110110010
27 8 111111111111100000101000
27 9 111111111110110110110111
28 0 111111111110100110110111
28 1 111111111100110000100010
28 2 111111111111000000110101
28 3 111111111110111100010101
28 4 111111111100111000101110
28 5 000000000000101110111111
28 6 111111111101101001001100
28 7 111111111101111101000111
28 8 111111111111101010000110
28 9 111111111110110111111110
29 0 111111111110100011111011
29 1 111111111100101111101000
29 2 111111111110111011011000
29 3 111111111110111011011111
29 4 111111111100110100000110
29 5 000000000000111010110010
29 6 111111111101101001101111
29 7 111111111101110001100001
29 8 111111111111101101000000
29 9 111111111110110100101011
30 0 111111111110011111000000
30 1 111111111100101100001011
30 2 111111111110110101010001
30 3 111111111111000000010110
30 4 111111111100101011110011
30 5 000000000001000110000111
30 6 111111111101101010010100
30 7 111111111101100100011111
30 8 111111111111101110011000
30 9 111111111110101111111000
31 0 111111111110011100011100
31 1 111111111100100111111111
31 2 111111111110110001100101
31 3 111111111110111111111101
31 4 111111111100101001101110
31 5 000000000001001110000100
31 6 111111111101101110000011
31 7 111111111101011001000110
31 8 111111111111101111111011
31 9 111111111110101011011000
32 0 111111111110011010111111
32 1 111111111100100100110000
32 2 111111111110110001000010
32 3 111111111111000010110011
32 4 111111111100100101111001
32 5 000000000001010011100111
32 6 111111111101101101110011
32 7 111111111101001110010011
32 8 111111111111110011001010
32 9 111111111110100101000011
33 0 111111111110010011111110
33 1 111111111100011111101001
33 2 111111111110101011101100
33 3 111111111111000100110101
33 4 111111111100100010110100
33 5 000000000001011001101010
33 6 111111111101101110001110
33 7 111111111101000100001011
33 8 111111111111111000110111
33 9 111111111110100011101011
34 0 111111111110010101110011
34 1 111111111100011010100101
34 2 111111111110101010011110
34 3 111111111111000111110010
34 4 111111111100011100001011
34 5 000000000001011100101100
34 6 111111111101101010010011
34 7 111111111100111101011100
34 8 111111111111111101000010
34 9 111111111110011101010000
35 0 111111111110010111101010
35 1 111111111100100000100010
35 2 111111111110101000101000
35 3 111111111111000100111110
35 4 111111111100011000001001
35 5 000000000001011010000010
35 6 111111111101101000110001
35 7 111111111100111011111010
35 8 111111111111111110010000
35 9 111111111110011001011101
36 0 111111111110010101011010
36 1 111111111100011101111010
36 2 111111111110100111101101
36 3 111111111111000100110100
36 4 111111111100010101011101
36 5 000000000001011000101001
36 6 111111111101100111101000
36 7 111111111100110110011000
36 8 000000000000000001001111
36 9 111111111110011101001100
37 0 111111111110010011100101
37 1 111111111100011100110101
37 2 111111111110101000101000
37 3 111111111111000010100101
37 4 111111111100010101010100
37 5 000000000001011100011110
37 6 111111111101100111110101
37 7 111111111100101111001010
37 8 000000000000000010100000
37 9 111111111110010111110110
38 0 111111111110010101010011
38 1 111111111100010001101110
38 2 111111111110100011101100
38 3 111111111111000010110101
38 4 111111111100001111111000
38 5 000000000001100100010010
38 6 111111111101101000110011
38 7 111111111100100100000001
38 8 000000000000000111111001
38 9 111111111110010001110000
39 0 111111111110010000001111
39 1 111111111100001100001110
39 2 111111111110011011100110
39 3 111111111111000010000110
39 4 111111111100001111111111
39 5 000000000001100101111101
39 6 111111111101110000011011
39 7 111111111100011011000010
39 8 000000000000001100110100
39 9 111111111110010000000110
40 0 111111111110001111101011
40 1 111111111100001010001101
40 2 111111111110011011100010
40 3 111111111111000010001001
40 4 111111111100001100001100
40 5 000000000001100101101010
40 6 111111111101101110011111
40 7 111111111100010000111001
40 8 000000000000001111100111
40 9 111111111110001100011000
41 0 111111111110001001000101
41 1 111111111100001101101000
41 2 111111111110011010101100
41 3 111111111110111111001100
41 4 111111111100001100110011
41 5 000000000001100111000011
41 6 111111111101101101110101
41 7 111111111100000101000000
41 8 000000000000010011000010
41 9 111111111110000110101110
42 0 111111111110000101110010
42 1 111111111100001011100110
42 2 111111111110010110011100
42 3 111111111111000000000110
42 4 111111111100001010001010
42 5 000000000001100111011011
42 6 111111111101110000011001
42 7 111111111011111000010010
42 8 000000000000010110100000
42 9 111111111101111110111010
43 0 111111111110000101000011
43 1 111111111100000101100011
43 2 111111111110010000001000
43 3 111111111110111110100010
43 4 111111111100001000011000
43 5 000000000001100110011101
43 6 111111111101101111100100
43 7 111111111011101101100101
43 8 000000000000011001010010
43 9 111111111101110101111100
44 0 111111111110000110000010
44 1 111111111011111110111001
44 2 111111111110001110000100
44 3 111111111110111011010000
44 4 111111111100000110101110
44 5 000000000001100010100001
44 6 111111111101101111011011
44 7 111111111011011111101010
44 8 000000000000011101010110
44 9 111111111101110000111010
45 0 111111111110000100011001
45 1 111111111011111101101001
45 2 111111111110001010011001
45 3 111111111110110101010010
45 4 111111111100001010101000
45 5 000000000001011101110011
45 6 111111111101101100001100
45 7 111111111011010110000101
45 8 000000000000100000001011
45 9 111111111101101010101001
46 0 111111111110000100101000
46 1 111111111011111000001100
46 2 111111111110000100111111
46 3 111111111110110010001100
46 4 111111111100001010001011
46 5 000000000001011100100110
46 6 111111111101101010101101
46 7 111111111011001010101111
46 8 000000000000100001111110
46 9 111111111101100001111100
47 0 111111111110000110001101
47 1 111111111011110100010011
47 2 111111111110000000000001
47 3 111111111110110000100110
47 4 111111111100001001011000
47 5 000000000001011010000100
47 6 111111111101101001010101
47 7 111111111010111111100111
47 8 000000000000100010100001
47 9 111111111101011000110110
48 0 111111111110000100111011
48 1 111111111011101111001001
48 2 111111111101111001101001
48 3 111111111110110001100001
48 4 111111111100001011011111
48 5 000000000001011011011100
48 6 111111111101100110000011
48 7 111111111010110100011000
48 8 000000000000011111111001
48 9 111111111101010000101111
49 0 111111111101111110100010
49 1 111111111011101011010010
49 2 111111111101111001000110
49 3 111111111110110110111011
49 4 111111111100001001110001
49 5 000000000001011000000000
49 6 111111111101011101101000
49 7 111111111010101011011010
49 8 000000000000100001000111
49 9 111111111101001001000100
50 0 111111111101111011000011
50 1 111111111011100101001111
50 2 111111111101110111101110
50 3 111111111110111010011010
50 4 111111111100000111010011
50 5 000000000001010110111111
50 6 111111111101010100110011
50 7 111111111010100011111000
50 8 000000000000100001000000
50 9 111111111101000010000110
51 0 111111111101111011001100
51 1 111111111011100000010100
51 2 111111111101110110101001
51 3 111111111110111001111110
51 4 111111111100000111100110
51 5 000000000001010111011110
51 6 111111111101001101000011
51 7 111111111010011100001100
51 8 000000000000011110000111
51 9 111111111100111001101001
52 0 111111111101111000100110
52 1 111111111011011110111001
52 2 111111111101110011000011
52 3 111111111110111010010000
52 4 111111111100000010111101
52 5 000000000001011101101101
52 6 111111111101001000011011
52 7 111111111010010110100000
52 8 000000000000010110110101
52 9 111111111100110001110001
53 0 111111111101110110000011
53 1 111111111011011011010010
53 2 111111111101110001110111
53 3 111111111110111010101001
53 4 111111111011111000100000
53 5 000000000001100110101100
53 6 111111111101000011010110
53 7 111111111010010001010001
53 8 000000000000010101010100
53 9 111111111100101011001010
54 0 111111111101110001111010
54 1 111111111011011000000011
54 2 111111111101110001101010
54 3 111111111110111001101101
54 4 111111111011110000100011
54 5 000000000001101110001001
54 6 111111111100111101000111
54 7 111111111010001010110111
54 8 000000000000010011010101
54 9 111111111100100110101010
55 0 111111111101101111111111
55 1 111111111011010011011101
55 2 111111111101110011011001
55 3 111111111110111000000110
55 4 111111111011101011110000
55 5 000000000001110011101101
55 6 111111111100111000000010
55 7 111111111010000011111011
55 8 000000000000010001001011
55 9 111111111100100000011000
56 0 111111111101101000011011
56 1 111111111011001110110010
56 2 111111111101110000011001
56 3 111111111110110111011010
56 4 111111111011101000100001
56 5 000000000001110111100110
56 6 111111111100110110101010
56 7 111111111001111101110000
56 8 000000000000010000111110
56 9 111111111100100000001000
57 0 111111111101011111001110
57 1 111111111011001010101010
57 2 111111111101101110011010
57 3 111111111110110110111110
57 4 111111111011100011000010
57 5 000000000001111101000101
57 6 111111111100110101001101
57 7 111111111001110100000110
57 8 000000000000001111101101
57 9 111111111100100000110101
58 0 111111111101010101100001
58 1 111111111011000011010100
58 2 111111111101110000001110
58 3 111111111110110101000001
58 4 111111111011100010010011
58 5 000000000010000011010010
58 6 111111111100110001110001
58 7 111111111001101001110000
58 8 000000000000010000001011
58 9 111111111100100000001010
59 0 111111111101001101000111
59 1 111111111010111101000000
59 2 111111111101101100011000
59 3 111111111110110000011101
59 4 111111111011100001011001
59 5 000000000010001000101101
59 6 111111111100110011010001
59 7 111111111001100011000110
59 8 000000000000001101100110
59 9 111111111100100000101011
60 0 111111111101000100110110
60 1 111111111010111100111010
60 2 111111111101101011111010
60 3 111111111110110000000101
60 4 111111111011100001010110
60 5 000000000010001000001011
60 6 111111111100110011101111
60 7 111111111001100010001011
60 8 000000000000001001100011
60 9 111111111100100011011101
61 0 111111111100110110001001
61 1 111111111010111000010111
61 2 111111111101101001110010
61 3 111111111110101110100111
61 4 111111111011100010110000
61 5 000000000010001100011111
61 6 111111111100101110000010
61 7 111111111001011011111110
61 8 000000000000000111101010
61 9 111111111100101001000110
62 0 111111111100101011100000
62 1 111111111010111000101000
62 2 111111111101101001101111
62 3 111111111110101011101001
62 4 111111111011100010001100
62 5 000000000010001101101001
62 6 111111111100101000101001
62 7 111111111001011011000110
62 8 000000000000000101011100
62 9 111111111100101010110001
63 0 111111111100100100001111
63 1 111111111010110011001010
63 2 111111111101100111111101
63 3 111111111110101010101110
63 4 111111111011011011010010
63 5 000000000010011001000111
63 6 111111111100100111101011
63 7 111111111001010101000010
63 8 000000000000000001000111
63 9 111111111100101010101001
64 0 111111111100011101011100
64 1 111111111010101011101000
64 2 111111111101100100010011
64 3 111111111110101011101010
64 4 111111111011010101100011
64 5 000000000010100011000111
64 6 111111111100100101100101
64 7 111111111001001100011110
64 8 000000000000000001000100
64 9 111111111100101011101000
65 0 111111111100011000111000
65 1 111111111010101100010011
65 2 111111111101100010101011
65 3 111111111110101100000001
65 4 111111111011001111111010
65 5 000000000010100110000010
65 6 111111111100100110111101
65 7 111111111001001100100100
65 8 000000000000000010000111
65 9 111111111100101010101101
66 0 111111111100010001101111
66 1 111111111010101011000001
66 2 111111111101100101001100
66 3 111111111110101110000111
66 4 111111111011001000101101
66 5 000000000010101000011011
66 6 111111111100100100000100
66 7 111111111001001010011111
66 8 111111111111111101110111
66 9 111111111100100110010010
67 0 111111111100001111111100
67 1 111111111010100000101001
67 2 111111111101100101110111
67 3 111111111110110100100101
67 4 111111111011000001000100
67 5 000000000010101100000000
67 6 111111111100100000100001
67 7 111111111001000110100001
67 8 111111111111111110001001
67 9 111111111100100101111101
68 0 111111111100001110000000
68 1 111111111010011100011110
68 2 111111111101101100011001
68 3 111111111110110110001111
68 4 111111111010111101010001
68 5 000000000010101010111111
68 6 111111111100011100111101
68 7 111111111001000110110110
68 8 111111111111111111010001
68 9 111111111100100001110111
69 0 111111111100001000101000
69 1 111111111010010110000000
69 2 111111111101101100100101
69 3 111111111110110100100111
69 4 111111111010111001011100
69 5 000000000010101111111100
69 6 111111111100011000100000
69 7 111111111000111101011110
69 8 000000000000000010001010
69 9 111111111100011111110111
70 0 111111111100000111101100
70 1 111111111010010010010100
70 2 111111111101101100001101
70 3 111111111110110111100101
70 4 111111111010110000001110
70 5 000000000010110100100111
70 6 111111111100011000110111
70 7 111111111000111100111011
70 8 000000000000000011000110
70 9 111111111100011100010011
71 0 111111111011111111010010
71 1 111111111010010001011011
71 2 111111111101101110010010
71 3 111111111110110100101101
71 4 111111111010101001001100
71 5 000000000010111001010111
71 6 111111111100010101010101
71 7 111111111000111011100011
71 8 000000000000000110010000
71 9 111111111100011010000000
72 0 111111111011111011100001
72 1 111111111010001000011000
72 2 111111111101101010110001
72 3 111111111110110110011101
72 4 111111111010100001000010
72 5 000000000011000100100000
72 6 111111111100010010100010
72 7 111111111000110111001110
72 8 000000000000000111100100
72 9 111111111100010110100100
73 0 111111111011110111001011
73 1 111111111010000010111011
73 2 111111111101101011000011
73 3 111111111110111001101010
73 4 111111111010011000100101
73 5 000000000011001111000110
73 6 111111111100010001110101
73 7 111111111000110000100000
73 8 000000000000000011001001
73 9 111111111100010000010110
74 0 111111111011110010001011
74 1 111111111010000001100000
74 2 111111111101100111110101
74 3 111111111110111001110000
74 4 111111111010010001000000
74 5 000000000011011001010011
74 6 111111111100010010000010
74 7 111111111000100110111001
74 8 111111111111111101001110
74 9 111111111100001010110000
75 0 111111111011110000011011
75 1 111111111010000001101101
75 2 111111111101100011110011
75 3 111111111110110001100001
75 4 111111111010010010111001
75 5 000000000011011101000100
75 6 111111111100011000010101
75 7 111111111000100101001011
75 8 111111111111111011110011
75 9 111111111100000110001011
76 0 111111111011101111011111
76 1 111111111010000001101000
76 2 111111111101100010110010
76 3 111111111110101001101100
76 4 111111111010010011111011
76 5 000000000011011101000001
76 6 111111111100011000100110
76 7 111111111000100101001100
76 8 111111111111111111001110
76 9 111111111100000000011011
77 0 111111111011110000000101
77 1 111111111001111111011101
77 2 111111111101100000011110
77 3 111111111110101101001011
77 4 111111111010001101111011
77 5 000000000011011111011000
77 6 111111111100010101011000
77 7 111111111000101000100010
77 8 111111111111111010001001
77 9 111111111011111100110111
78 0 111111111011101011001101
78 1 111111111001111011111111
78 2 111111111101011011110111
78 3 111111111110101100001001
78 4 111111111010001110010001
78 5 000000000011100011110111
78 6 111111111100010010001110
78 7 111111111000101100100100
78 8 111111111111101111100010
78 9 111111111011111010010111
79 0 111111111011100110010010
79 1 111111111001110110011010
79 2 111111111101010010100000
79 3 111111111110101000000110
79 4 111111111010001010100110
79 5 000000000011101111101011
79 6 111111111100010001100010
79 7 111111111000101001110110
79 8 111111111111101101101101
79 9 111111111011111010001010
80 0 111111111011100000000010
80 1 111111111001110010100100
80 2 111111111101001001110101
80 3 111111111110100010110000
80 4 111111111010001000010111
80 5 000000000011111000101001
80 6 111111111100010001100101
80 7 111111111000101000011111
80 8 111111111111101000110110
80 9 111111111011110100110101
81 0 111111111011011101111011
81 1 111111111001101010111001
81 2 111111111101000001101001
81 3 111111111110011110110011
81 4 111111111010000010111000
81 5 000000000100000001110001
81 6 111111111100010000000111
81 7 111111111000101000101010
81 8 111111111111100010110100
81 9 111111111011110011011110
82 0 111111111011011100001010
82 1 111111111001100010110100
82 2 111111111100110110111011
82 3 111111111110011001111000
82 4 111111111010000001010110
82 5 000000000100001011010111
82 6 111111111100010101000001
82 7 111111111000100010101110
82 8 111111111111011110001111
82 9 111111111011101100011110
83 0 111111111011011001011000
83 1 111111111001011101001001
83 2 111111111100101100101100
83 3 111111111110010101101000
83 4 111111111001111101100111
83 5 000000000100010101011000
83 6 111111111100011001100001
83 7 111111111000011011101010
83 8 111111111111100000001010
83 9 111111111011100100111101
84 0 111111111011011000010001
84 1 111111111001010010001101
84 2 111111111100100010110110
84 3 111111111110010011100010
84 4 111111111001111101011001
84 5 000000000100011011111110
84 6 111111111100011000001100
84 7 111111111000011011001101
84 8 111111111111011100000111
84 9 111111111011100110110100
85 0 111111111011010101001110
85 1 111111111001001000111110
85 2 111111111100010101000010
85 3 111111111110001111011010
85 4 111111111001111111000110
85 5 000000000100100100111110
85 6 111111111100011010110011
85 7 111111111000010111010001
85 8 111111111111010110101010
85 9 111111111011100101110110
86 0 111111111011010001001011
86 1 111111111000111110010101
86 2 111111111100001000011111
86 3 111111111110001011011000
86 4 111111111001111011100010
86 5 000000000100101111010111
86 6 111111111100011000001011
86 7 111111111000010111101011
86 8 111111111111010000010001
86 9 111111111011101000110111
87 0 111111111011001111110110
87 1 111111111000101111111100
87 2 111111111011111100110011
87 3 111111111110000101111001
87 4 111111111001110111011111
87 5 000000000100111011011100
87 6 111111111100010110010010
87 7 111111111000010101111010
87 8 111111111111001011101010
87 9 111111111011101101011000
88 0 111111111011001100100000
88 1 111111111000100010110000
88 2 111111111011110000101110
88 3 111111111110000011010011
88 4 111111111001110011000010
88 5 000000000101000111000100
88 6 111111111100010001110101
88 7 111111111000010100011100
88 8 111111111111001001001111
88 9 111111111011110001110110
89 0 111111111011000111100100
89 1 111111111000011010001010
89 2 111111111011100011100001
89 3 111111111110000000010111
89 4 111111111001101111111010
89 5 000000000101010100010101
89 6 111111111100001111010010
89 7 111111111000001110111000
89 8 111111111111000101011111
89 9 111111111011110011101011
90 0 111111111011000000010010
90 1 111111111000001101101010
90 2 111111111011011011100000
90 3 111111111101111111010000
90 4 111111111001101101110110
90 5 000000000101011111100010
90 6 111111111100000110101101
90 7 111111111000001101011001
90 8 111111111110111110111100
90 9 111111111011110110111010
91 0 111111111010111100101001
91 1 111111111000000000110110
91 2 111111111011010111101110
91 3 111111111101111011100011
91 4 111111111001101011010101
91 5 000000000101100101100101
91 6 111111111100001000101100
91 7 111111111000000101111000
91 8 111111111110111111000011
91 9 111111111011111001101101
92 0 111111111010110110000100
92 1 111111110111110100000011
92 2 111111111011010010001110
92 3 111111111101111001001010
92 4 111111111001100111011010
92 5 000000000101101100011010
92 6 111111111100000111111000
92 7 111111110111111111011100
92 8 111111111110111111010101
92 9 111111111011111101111100
93 0 111111111010101101111100
93 1 111111110111100111001000
93 2 111111111011001110001010
93 3 111111111101110111001110
93 4 111111111001100000110010
93 5 000000000101110001010011
93 6 111111111100000000011111
93 7 111111110111111110011001
93 8 111111111111000000001111
93 9 111111111011111111101101
94 0 111111111010100101111110
94 1 111111110111011110111000
94 2 111111111011001010110010
94 3 111111111101110110010011
94 4 111111111001011011101001
94 5 000000000101110100010100
94 6 111111111011111001001100
94 7 111111110111111100011111
94 8 111111111110111101101111
94 9 111111111100000100010101
95 0 111111111010011010001001
95 1 111111110111010100011010
95 2 111111111011000110000100
95 3 111111111101110101011110
95 4 111111111001011011001111
95 5 000000000101110110110110
95 6 111111111011110100100111
95 7 111111110111111010110000
95 8 111111111110111000101100
95 9 111111111100000101111011
96 0 111111111010010001111110
96 1 111111110111001100011001
96 2 111111111011000000111011
96 3 111111111101110011111011
96 4 111111111001010111011000
96 5 000000000101111010001001
96 6 111111111011110000100000
96 7 111111110111110110111111
96 8 111111111110111101101011
96 9 111111111100000111101111
97 0 111111111010001000100000
97 1 111111110111000111001101
97 2 111111111010111100101001
97 3 111111111101110111010001
97 4 111111111001010010000010
97 5 000000000101111101101011
97 6 111111111011101100011100
97 7 111111110111110010110101
97 8 111111111111000100000001
97 9 111111111100001011100101
98 0 111111111001111111000001
98 1 111111110110111110111111
98 2 111111111010111000110001
98 3 111111111101111101001100
98 4 111111111001001000101001
98 5 000000000110000000101010
98 6 111111111011101000100000
98 7 111111110111101111111101
98 8 111111111111000110110100
98 9 111111111100001000000000
99 0 111111111001111001000101
99 1 111111110110111100111110
99 2 111111111010111001011100
99 3 111111111101111111010100
99 4 111111111001000110001000
99 5 000000000101111111010111
99 6 111111111011100111111011
99 7 111111110111101010111000
99 8 111111111111001010010111
99 9 111111111100000101010001
100 0 111111111001110100101111
100 1 111111110111000010010011
100 2 111111111010110100010011
100 3 111111111101111111000101
100 4 111111111001000000100110
100 5 000000000101111111001000
100 6 111111111011100111101110
100 7 111111110111101100100101
100 8 111111111111001101100000
100 9 111111111100000101001001
101 0 111111111001110101110100
101 1 111111110110111011111101
101 2 111111111010110000100001
101 3 111111111110000110011011
101 4 111111111000110110110101
101 5 000000000110000011100000
101 6 111111111011100111000111
101 7 111111110111101000010111
101 8 111111111111001111101010
101 9 111111111100000010010000
